0.032557694149190845
0.0
0.002010916403332376
0.013597625203485588
0.02690797663506655
0.03495164224839605
0.04548501388489898
0.05190079479076894
0.05563535382552906
0.056784448913147566
0.05027291008330939
0.05084745762711865
0.047783204060135975
0.046729866896485686
0.038015895815378724
0.038494685435219764
0.038398927511251554
0.03236617830125443
0.028631619266494303
0.020875227425069424
0.02279038590443359
0.018768553097768842
0.01752370008618213
0.016374604998563632
0.01292731973570813
0.010533371636502921
0.011873982572057839
0.009767308244757253
0.009671550320789046
0.007277602221583836
0.006798812601742794
0.008043665613329504
0.005362443742219668
0.005458201666187877
0.004883654122378627
0.004883654122378627
0.10136646557502633
0.003160011490950876
