252
301
416
310
305
260
241
297
256
389
301
339
297
266
240
295
314
293
265
369
231
275
236
517
261
0
286
340
252
314
337
234
262
258
285
320
252
234
214
366
306
346
227
355
237
414
255
355
258
252
301
349
395
360
375
222
271
367
273
386
361
273
303
255
310
281
287
445
336
248
268
217
309
394
214
241
263
320
270
351
325
337
267
259
193
305
281
320
274
384
328
362
567
0
258
263
402
341
417
288
315
325
415
357
339
252
302
297
249
194
385
308
299
280
301
399
298
195
296
268
438
318
360
362
315
272
292
498
250
476
240
345
417
284
300
198
495
278
326
477
282
414
350
300
273
332
351
303
305
215
525
318
296
252
263
332
365
335
256
301
229
394
289
504
308
379
380
304
293
357
223
403
500
268
288
277
261
334
311
371
374
323
299
369
286
0
429
340
279
248
330
287
216
236
212
275
261
285
267
340
260
310
281
276
300
247
265
387
271
338
305
236
292
289
369
285
516
274
338
434
248
211
221
317
414
483
275
313
321
310
261
280
250
289
304
259
291
314
340
239
307
346
363
379
242
389
281
330
321
265
262
276
249
282
288
267
386
393
328
325
230
280
240
280
251
270
309
207
266
361
323
307
296
296
285
375
368
357
287
232
252
365
338
249
0
338
327
0
310
273
266
319
288
266
205
233
259
327
256
221
299
324
274
247
260
221
345
296
316
311
237
275
410
301
203
378
385
347
273
495
303
287
291
401
305
314
262
284
426
281
469
261
260
256
290
199
352
280
263
251
378
292
301
252
287
232
428
346
346
603
316
225
312
234
295
313
256
320
230
247
282
435
275
281
248
278
329
245
335
400
228
252
311
456
358
278
269
251
333
283
302
261
433
266
233
263
264
416
248
302
358
380
492
459
364
429
321
269
464
261
367
265
284
377
276
278
272
369
248
362
278
363
254
450
334
259
260
582
263
253
214
358
298
451
304
337
256
269
459
374
325
241
293
360
330
290
462
302
214
343
262
245
238
310
307
502
331
242
373
289
333
266
269
290
277
434
458
411
270
247
339
368
437
315
270
276
245
376
0
225
322
228
279
322
280
216
300
286
243
391
310
431
215
278
300
347
281
267
247
359
250
278
297
363
237
304
391
383
297
254
264
495
340
272
347
279
387
348
314
276
453
299
410
257
320
255
458
222
293
319
232
375
377
411
215
329
316
248
257
286
300
306
380
270
242
349
310
481
284
314
360
270
355
280
430
360
234
346
292
486
394
299
263
220
226
272
248
332
285
373
362
249
337
287
259
244
352
387
256
392
320
333
306
277
296
243
261
297
303
261
418
215
313
331
329
231
278
305
362
258
231
389
280
243
270
334
288
340
325
297
253
268
295
345
413
253
312
249
384
464
316
299
255
273
351
297
256
72
0
299
254
306
255
291
217
296
345
290
250
279
272
319
226
322
299
297
228
388
363
314
306
253
363
266
334
274
325
382
365
220
296
341
247
261
220
322
276
322
423
390
277
271
357
281
339
441
431
321
359
346
474
395
269
216
279
244
450
276
419
280
258
291
297
262
285
331
281
218
280
706
263
342
505
277
313
284
251
396
328
465
276
492
437
269
262
363
289
313
277
419
387
243
340
264
349
286
291
275
269
359
306
291
316
252
421
416
312
299
315
266
311
373
311
347
327
419
342
254
326
260
323
349
327
319
254
313
252
307
258
367
292
330
273
242
414
344
317
248
249
297
271
305
274
280
252
294
269
306
243
310
247
415
251
270
380
234
300
318
272
352
294
337
323
267
329
325
345
243
288
292
273
295
321
351
374
394
270
356
256
349
254
336
322
309
299
266
193
229
276
307
278
355
367
274
318
409
291
280
294
312
269
438
292
298
243
322
302
237
424
319
435
359
411
288
319
427
342
265
373
285
492
282
263
334
400
304
272
338
227
288
385
227
273
281
296
243
241
366
391
298
283
369
334
320
217
343
370
415
269
235
0
273
291
277
364
290
396
247
485
238
287
332
312
244
353
231
220
284
287
257
305
272
321
312
308
374
335
0
261
237
277
487
263
272
326
300
370
231
282
320
286
395
425
284
292
413
261
396
298
274
323
346
366
346
347
273
281
280
279
257
301
284
271
377
286
280
345
297
266
345
245
283
0
249
322
274
242
255
298
291
389
377
312
248
244
286
308
399
297
351
267
235
276
284
253
331
325
247
239
290
243
292
311
337
287
349
316
298
238
282
216
274
230
258
269
264
259
370
344
254
238
228
248
309
310
280
386
309
330
262
278
203
309
281
326
224
347
272
295
404
300
274
0
231
338
365
238
294
275
270
394
217
297
424
326
320
263
266
224
409
330
320
232
352
259
265
254
229
283
274
369
410
240
288
419
300
304
258
266
418
274
316
281
282
0
203
257
307
287
364
346
384
270
381
329
259
250
267
265
249
289
278
276
243
224
252
341
279
256
310
374
311
382
212
221
242
338
304
297
378
309
385
331
303
292
258
389
294
269
321
311
270
304
316
352
276
232
264
417
263
325
337
355
309
287
310
324
298
361
300
352
289
254
298
283
318
489
344
259
283
258
287
304
300
271
421
215
308
303
265
357
364
318
390
230
302
234
297
267
194
204
242
257
218
354
337
246
299
329
368
316
318
301
301
255
187
289
237
422
268
204
322
290
390
347
267
264
351
305
246
377
257
313
197
269
267
331
248
436
288
231
272
387
0
211
223
282
324
206
207
317
285
270
287
339
313
250
272
264
474
249
389
254
265
267
289
312
274
196
297
399
276
367
298
213
334
186
207
223
315
284
453
232
319
266
300
238
345
301
239
232
262
222
321
342
314
312
505
213
345
313
275
250
321
234
617
390
254
323
284
304
378
260
347
356
415
363
331
383
292
384
366
352
285
286
226
215
348
210
264
431
341
301
338
233
364
367
343
414
345
322
297
385
0
325
257
562
266
384
275
250
363
278
348
289
308
323
248
253
308
314
273
379
273
375
319
350
248
303
248
254
268
261
272
223
325
283
348
262
239
273
407
291
337
360
290
286
222
377
346
218
330
321
234
377
265
244
304
305
429
306
386
189
339
276
314
312
264
324
376
226
324
501
288
270
317
267
361
394
278
256
247
259
240
317
299
323
0
249
388
298
257
238
281
300
232
287
369
285
291
278
455
0
251
250
270
241
400
314
341
402
254
340
282
306
393
278
300
267
372
279
293
275
419
347
253
260
434
275
307
277
386
331
419
227
487
301
286
321
265
351
272
236
370
300
0
199
398
268
319
319
467
364
530
306
353
280
339
354
273
226
305
251
282
293
315
429
298
250
456
281
225
271
344
298
353
294
349
0
253
251
268
297
304
319
252
308
246
349
270
345
265
222
266
322
233
242
403
441
296
301
275
431
260
268
264
243
333
196
240
293
271
385
296
435
299
265
323
261
291
350
234
292
270
318
419
284
346
298
255
277
287
558
346
280
453
281
261
335
207
255
222
307
454
348
379
325
347
235
291
291
375
336
331
315
456
299
323
307
429
323
260
251
279
249
272
513
431
268
237
524
306
494
310
297
267
319
281
195
342
340
311
314
259
281
281
387
378
269
284
301
214
280
267
280
237
295
426
227
364
265
321
274
269
265
348
319
259
316
362
345
455
278
278
300
223
317
294
234
259
321
227
200
265
262
289
404
332
372
242
361
225
207
515
259
379
286
252
421
0
264
336
257
319
309
332
350
299
423
254
298
297
262
262
262
242
353
293
222
481
217
276
320
337
349
285
320
452
399
495
299
329
390
295
420
286
230
360
287
419
320
403
265
317
333
323
338
249
286
283
447
446
312
245
266
269
265
307
291
214
304
254
246
325
266
297
271
239
321
312
251
294
370
236
329
337
348
279
0
326
315
310
284
251
234
325
357
329
342
209
346
388
246
259
417
297
260
377
415
377
248
379
540
343
271
316
297
229
251
326
291
275
310
301
236
354
400
301
262
308
243
309
348
274
278
266
381
356
277
278
293
256
201
273
232
296
327
345
306
272
249
221
401
248
368
0
225
305
327
265
305
482
294
299
254
333
412
304
336
362
257
329
319
334
230
380
328
257
217
237
257
240
237
327
341
318
256
330
271
340
306
260
257
324
397
280
336
295
331
284
376
282
322
341
224
345
300
352
461
307
230
233
280
225
297
332
447
299
219
304
246
253
260
191
324
249
262
321
245
257
413
352
260
303
273
301
332
266
303
311
234
412
410
339
281
387
305
361
285
263
259
346
329
193
374
298
271
253
239
320
234
291
269
304
349
365
310
243
282
269
381
281
302
364
349
338
404
241
352
236
396
355
374
283
320
398
267
248
313
308
283
295
234
301
219
307
357
233
263
288
284
230
321
231
304
375
286
234
395
413
378
275
319
341
315
453
292
425
315
375
329
316
225
327
308
387
336
306
284
467
247
259
250
252
239
420
236
291
530
256
251
270
336
282
309
340
458
285
330
362
387
304
314
333
326
282
248
278
251
262
287
270
291
298
299
279
335
353
268
301
311
282
374
233
310
224
248
287
361
300
387
313
239
400
360
273
375
306
432
297
302
319
226
341
249
274
266
296
351
309
252
274
293
357
251
261
285
230
220
290
339
218
264
281
249
325
301
534
288
318
271
380
256
344
225
244
304
295
463
264
278
359
420
386
359
292
284
258
266
418
393
345
324
285
302
247
351
343
240
272
273
329
376
329
311
305
268
346
259
270
275
222
283
290
377
417
371
390
361
297
262
252
363
334
287
293
429
225
338
276
233
399
348
374
274
243
367
266
286
311
447
273
386
283
273
284
452
282
287
319
278
377
244
325
262
240
425
322
278
273
322
438
293
310
293
283
272
313
309
289
274
325
292
451
293
334
283
252
320
247
306
299
277
515
291
284
226
252
394
332
244
249
224
317
260
225
255
198
233
334
246
239
224
267
432
238
510
318
294
462
362
291
358
299
449
314
263
312
302
277
319
289
223
442
372
253
276
332
337
325
325
219
209
251
244
272
233
294
353
290
309
365
331
379
241
320
282
345
229
299
254
404
244
280
393
267
331
316
369
305
305
241
430
347
231
368
408
264
381
307
242
224
313
229
299
216
305
236
278
436
284
289
303
369
290
274
378
234
292
297
288
514
252
306
281
242
254
371
298
291
402
318
339
351
315
281
232
248
284
256
323
286
368
331
316
327
348
293
426
493
284
276
320
308
299
370
408
291
279
318
239
283
237
282
287
314
224
371
230
289
275
258
305
302
269
332
279
314
372
201
229
333
288
295
327
285
248
283
271
320
232
330
338
252
222
304
229
346
310
316
376
362
544
289
264
313
281
226
244
294
267
300
259
425
351
241
270
348
270
200
366
354
454
232
428
345
410
312
271
277
338
325
228
379
363
306
245
379
293
283
266
239
296
321
231
301
225
278
276
321
340
326
0
304
226
236
290
346
228
416
0
275
0
254
297
217
282
363
297
308
237
413
287
272
311
359
317
382
315
303
342
286
286
269
360
440
272
250
450
359
341
265
306
293
278
0
238
277
334
277
283
361
272
291
243
532
253
302
298
388
284
326
344
262
361
399
256
257
274
410
265
476
287
245
281
325
288
362
279
267
332
264
296
284
263
299
306
257
286
341
294
337
362
399
249
515
363
214
331
291
247
304
514
381
230
277
246
243
277
286
256
276
304
298
259
226
274
294
329
299
269
283
321
0
295
255
292
413
260
337
253
332
342
234
295
303
269
290
365
271
375
241
374
423
341
253
328
282
234
392
391
316
283
296
265
335
277
279
307
362
387
229
223
235
264
321
327
201
364
242
311
422
293
283
257
344
396
386
301
430
344
224
288
235
373
330
251
283
246
293
410
290
264
264
230
268
452
466
302
336
251
215
360
369
364
373
336
292
487
510
309
323
217
453
277
259
286
348
293
325
270
366
346
277
248
252
363
399
273
442
286
231
239
513
307
330
287
259
307
278
306
252
240
343
263
319
339
323
318
246
303
502
271
268
290
308
273
302
326
358
394
322
240
251
451
266
247
283
221
225
290
285
294
342
309
303
218
388
362
557
284
299
278
279
292
385
244
251
243
296
285
339
230
336
261
286
481
382
325
228
317
338
416
251
285
359
355
292
335
204
282
445
291
357
266
391
331
244
279
303
277
292
224
300
291
505
379
259
290
247
395
339
203
354
285
499
317
299
281
394
211
302
277
290
326
403
380
209
223
265
339
289
238
331
365
471
369
437
313
273
255
234
235
256
285
332
545
339
366
269
214
388
315
245
428
542
330
362
285
273
310
206
315
247
336
357
250
293
263
235
208
252
276
270
393
244
245
234
337
342
375
285
261
307
403
327
500
266
323
0
401
327
220
388
252
353
312
299
238
305
235
218
307
322
312
294
404
219
293
316
386
298
251
271
314
262
299
238
246
290
313
276
231
312
324
286
318
279
304
451
234
251
291
242
298
413
275
224
373
233
289
284
346
243
224
314
398
316
252
312
424
273
336
231
449
267
239
320
321
364
425
0
499
292
313
267
295
244
285
351
258
253
295
271
251
225
261
363
266
315
310
272
315
357
281
257
347
295
496
300
303
304
398
260
276
302
288
322
313
242
333
342
234
333
464
275
0
346
221
447
311
290
224
298
250
325
257
410
216
233
260
308
227
378
389
298
389
278
327
277
250
259
288
306
277
308
344
209
410
229
248
343
367
358
287
414
294
278
271
279
281
243
465
232
260
547
216
430
291
352
383
323
314
289
276
265
341
206
378
275
471
236
401
209
292
262
253
371
285
241
387
372
224
296
303
327
394
224
271
429
211
443
373
346
361
277
277
333
363
290
280
273
397
202
346
380
284
307
364
270
294
283
0
272
292
247
337
0
422
284
285
293
237
225
328
274
259
270
337
274
302
308
283
353
445
368
262
253
301
308
247
239
210
293
286
277
486
288
328
366
277
329
346
294
313
307
298
0
275
381
382
263
277
236
317
351
282
249
293
364
286
336
494
282
258
312
400
272
333
367
264
419
286
277
276
243
299
281
325
297
277
291
276
278
314
250
500
314
223
280
247
347
271
333
289
219
345
241
259
254
302
230
274
269
280
256
350
366
367
295
390
434
279
248
258
259
420
468
266
276
337
252
251
499
0
401
498
267
257
281
284
248
269
339
356
254
337
0
415
358
559
295
252
247
264
308
375
399
277
277
422
318
274
533
258
511
261
551
259
386
451
299
246
225
261
362
216
317
252
254
321
437
330
384
362
363
262
265
441
304
307
330
307
348
271
288
437
311
226
243
386
219
403
274
416
286
274
390
437
266
252
283
266
381
252
353
359
498
335
353
263
310
407
269
397
301
230
317
414
271
293
287
316
246
329
276
297
299
281
417
276
280
225
273
486
338
253
527
271
367
304
293
324
319
298
247
293
335
426
353
328
438
293
271
186
239
313
338
243
252
426
254
289
325
295
338
0
415
578
282
251
273
260
262
249
283
437
349
302
323
300
279
258
338
525
296
464
239
304
314
365
277
333
453
224
282
282
266
313
307
346
320
306
379
352
376
291
325
312
245
274
257
356
288
403
260
300
312
249
465
332
278
329
616
259
322
281
306
276
292
300
391
213
266
290
390
319
336
272
330
369
261
300
220
472
252
305
248
293
263
297
274
361
317
409
270
258
451
448
306
334
277
265
266
309
330
238
328
203
268
242
244
290
375
295
279
536
238
221
334
312
668
259
332
297
300
269
215
284
267
379
298
229
339
322
323
262
339
283
336
212
422
254
413
367
247
342
374
273
310
324
368
245
257
356
245
314
283
233
270
510
264
244
277
302
300
314
371
384
281
245
275
368
434
360
453
338
253
351
281
306
223
401
454
320
201
298
270
444
415
354
216
309
252
308
380
319
287
275
364
239
253
349
469
293
243
243
327
343
317
244
250
348
227
305
348
286
243
222
503
281
337
307
302
285
231
205
255
262
265
285
334
321
397
277
348
372
284
515
300
253
313
215
223
296
301
248
247
369
254
331
251
297
301
286
283
360
278
318
330
363
256
301
304
379
331
216
300
427
362
265
351
303
278
223
323
310
305
404
266
364
252
483
283
265
367
332
361
468
297
327
320
217
257
302
286
262
337
261
485
330
406
275
246
366
274
316
292
383
489
305
318
373
260
268
295
475
260
383
310
321
225
481
345
304
219
225
258
295
307
310
310
426
316
291
279
293
286
309
423
274
318
303
224
265
256
242
353
283
246
337
356
295
308
356
281
246
325
259
372
270
264
258
339
331
288
295
385
265
287
402
238
310
288
290
325
399
270
453
234
417
484
261
235
241
248
458
253
0
256
235
300
305
259
344
234
320
314
300
287
336
345
454
408
368
285
259
231
362
393
297
322
245
289
236
247
328
361
267
292
342
270
326
373
437
268
248
433
518
344
297
227
473
376
329
288
314
421
417
365
322
303
378
389
279
321
247
279
253
265
320
333
449
470
297
253
377
277
297
284
284
257
331
327
272
397
273
261
219
315
315
312
279
291
236
306
218
294
417
293
299
257
270
359
219
265
318
320
251
319
330
322
222
213
275
220
0
288
328
356
285
283
226
413
480
280
406
223
342
254
307
294
290
301
388
244
231
297
278
240
359
287
427
238
274
289
229
0
234
307
320
0
385
305
301
389
247
347
485
238
262
303
378
354
270
468
306
383
345
265
357
301
193
336
292
365
404
277
353
289
342
255
305
308
333
357
309
298
309
338
296
286
272
279
278
308
322
259
280
294
314
322
263
269
297
331
279
321
262
273
289
218
378
300
281
262
294
270
319
295
378
278
264
470
212
241
270
224
325
325
298
253
309
304
220
272
317
341
283
274
353
280
283
390
437
389
309
359
277
479
356
367
361
253
241
286
247
240
332
487
313
314
289
292
258
308
290
280
455
472
240
292
316
333
236
298
396
327
342
320
252
272
298
301
307
406
265
305
230
356
274
246
280
319
373
298
379
243
295
237
283
372
40
0
256
240
306
260
261
275
392
264
330
224
267
275
278
312
226
345
245
466
290
443
293
301
342
251
413
403
258
467
251
511
277
306
260
321
243
374
392
328
302
342
262
284
319
341
257
255
278
475
434
308
235
258
253
249
324
363
318
484
474
290
297
342
375
289
342
206
290
432
271
342
288
314
467
261
263
367
381
382
309
324
232
293
320
289
304
268
244
337
435
207
391
280
313
426
334
331
295
480
282
341
257
364
286
341
312
266
261
260
460
281
229
243
393
331
254
298
290
304
332
267
552
285
245
233
381
269
341
244
304
409
339
583
326
370
285
320
242
462
292
267
246
353
238
235
213
273
389
290
300
311
336
289
376
238
329
295
264
317
272
342
270
286
299
275
261
298
257
403
254
276
286
259
265
277
285
242
277
268
282
279
324
0
294
267
366
273
355
313
336
296
282
272
273
242
288
274
303
369
364
331
237
291
388
344
359
326
222
320
261
274
480
340
439
269
282
212
273
255
264
297
291
279
249
312
273
474
303
296
292
507
294
304
474
279
205
544
307
521
316
233
279
363
305
340
296
239
268
287
239
330
363
301
272
244
241
280
343
379
289
219
276
317
291
312
427
271
297
250
388
271
275
280
381
354
248
291
411
209
249
285
292
258
326
312
328
242
229
309
255
303
236
330
323
253
217
359
245
226
270
377
345
405
342
284
354
238
227
393
366
250
303
335
268
291
249
252
323
271
230
443
292
361
328
359
207
327
327
284
295
221
240
292
301
292
233
285
332
289
269
236
324
296
290
233
317
322
363
277
254
351
309
267
226
0
227
309
297
287
286
251
292
381
350
432
383
296
204
332
333
356
302
373
300
265
472
277
252
239
312
263
378
263
305
266
213
274
254
291
451
275
362
305
324
403
321
368
282
335
302
343
411
291
344
266
309
309
347
295
265
215
234
347
307
234
260
275
273
263
302
318
283
280
312
319
350
302
331
265
251
269
367
342
402
421
273
208
236
304
416
294
312
370
287
369
240
292
231
249
280
282
272
263
246
239
254
239
366
312
318
273
255
216
281
0
335
261
256
304
252
257
413
278
331
305
290
363
255
246
431
380
265
313
310
410
349
245
313
365
261
300
291
266
664
269
295
396
311
286
203
264
303
314
307
293
283
375
266
347
300
313
251
303
287
283
231
257
260
242
417
249
262
335
291
328
365
434
265
244
230
509
271
283
243
282
357
320
431
330
222
246
199
324
449
326
291
270
268
343
265
305
298
355
266
251
310
285
374
240
219
307
494
252
262
250
284
263
271
239
312
284
331
275
234
241
328
360
285
336
294
288
222
309
322
354
297
339
347
270
328
314
446
386
232
329
228
289
272
288
429
501
315
311
421
351
360
376
263
265
342
244
390
347
306
406
362
246
229
315
306
265
257
323
474
271
266
263
491
364
273
283
310
392
317
325
306
257
366
280
308
391
270
297
213
250
256
292
0
371
363
461
305
337
322
333
305
307
384
306
254
314
319
369
459
286
363
256
255
272
274
384
251
250
514
367
314
352
241
533
291
478
290
346
268
285
322
379
293
254
254
337
261
261
341
314
267
0
310
301
246
261
406
310
259
318
265
274
281
253
341
351
339
248
393
304
257
267
316
272
375
245
352
411
316
250
272
332
267
309
406
323
234
475
286
242
288
292
260
229
223
263
256
447
335
336
331
346
471
279
258
349
352
260
325
303
328
495
231
303
291
322
354
312
320
316
246
537
422
323
393
347
329
408
311
405
285
273
343
252
402
314
343
324
260
297
327
308
435
385
298
272
308
319
275
0
248
303
366
264
278
295
281
395
249
251
327
286
358
324
522
316
341
341
416
276
385
236
334
261
284
339
271
266
305
245
230
345
245
287
335
227
304
220
331
260
308
371
261
339
496
482
253
302
409
277
262
265
272
262
274
258
380
264
270
295
453
241
279
278
227
350
313
219
205
366
330
241
355
257
245
240
390
288
457
343
210
257
347
234
292
412
256
246
421
258
289
405
263
286
310
281
311
299
369
291
251
410
366
360
305
275
295
301
356
267
258
404
265
307
374
243
248
278
244
201
368
420
313
443
252
288
317
340
269
289
448
239
419
258
374
257
266
252
248
287
222
272
306
239
314
243
237
249
358
0
220
251
268
273
340
229
262
312
255
304
240
304
335
379
446
290
358
264
349
215
390
302
257
272
207
294
357
310
329
274
438
387
286
304
268
292
294
285
307
349
528
440
382
275
247
337
439
258
373
283
341
290
309
279
265
314
318
300
362
338
354
280
253
348
229
460
238
252
322
283
321
324
242
487
359
460
510
226
280
274
313
386
273
278
322
234
268
368
248
387
312
308
322
428
286
260
245
279
271
242
391
473
307
307
319
261
286
221
415
304
258
302
299
245
218
298
346
351
294
428
284
265
367
299
322
281
375
258
252
395
235
456
241
286
280
251
266
283
321
295
293
319
387
219
249
266
264
276
233
233
297
302
313
230
331
228
298
217
246
242
276
365
247
238
226
313
0
260
393
278
272
267
264
357
281
471
401
218
317
261
287
240
299
245
251
262
318
271
268
359
285
262
240
214
344
290
351
227
337
268
327
243
328
211
325
245
315
245
317
256
265
324
281
318
239
432
292
212
385
304
249
0
393
461
262
258
289
276
509
410
294
317
333
305
397
264
286
338
0
311
266
284
424
332
277
224
324
247
254
242
224
249
371
304
300
289
264
286
207
204
206
230
352
275
368
243
313
313
243
358
391
324
292
344
250
288
250
281
425
338
301
314
307
273
330
332
396
305
423
0
356
332
522
265
409
300
392
276
331
352
297
267
284
351
270
281
238
228
386
251
315
387
360
236
454
311
336
337
334
347
336
270
228
265
313
277
328
485
329
282
339
233
265
283
320
330
283
334
461
439
280
263
334
241
326
300
343
274
251
363
408
266
308
332
232
239
383
388
289
467
330
264
340
315
339
275
293
322
271
259
284
410
233
327
270
324
280
285
296
292
314
323
349
413
337
242
388
424
381
365
287
267
353
308
290
306
246
326
352
278
223
270
264
285
367
429
277
399
249
315
276
264
299
239
266
264
250
328
338
402
350
323
341
341
295
255
318
315
381
401
283
269
251
306
445
339
318
364
236
232
346
231
326
249
267
247
233
325
274
292
352
261
268
292
273
288
324
297
308
487
273
371
320
354
286
299
403
297
295
400
222
277
423
483
391
270
287
308
273
285
254
459
254
213
226
283
368
279
286
352
354
410
219
219
326
292
338
281
286
396
278
276
273
286
351
391
322
391
195
335
408
248
324
331
248
260
278
246
281
401
252
309
349
286
263
406
277
256
369
302
262
284
279
316
280
240
344
248
449
277
292
332
286
334
314
314
308
321
295
306
269
278
468
409
275
286
260
409
375
440
279
337
351
257
236
297
225
413
254
314
0
406
334
481
280
249
198
260
257
335
283
246
298
522
254
289
225
263
530
304
338
328
275
227
388
221
428
259
421
254
306
304
344
360
305
275
367
398
401
258
216
261
477
445
420
450
332
402
417
270
256
257
214
261
282
297
293
257
233
252
321
275
387
270
372
346
330
339
279
265
372
226
291
347
240
389
370
240
244
436
385
250
322
415
271
230
340
288
334
505
261
335
269
368
336
317
313
0
272
357
384
233
0
280
287
321
265
256
332
590
253
301
246
438
260
249
271
278
265
282
262
240
276
419
266
233
222
336
272
320
320
374
246
227
228
338
275
414
273
305
254
301
301
234
288
316
292
314
257
262
218
276
287
300
289
354
277
297
239
263
291
371
363
253
233
342
324
261
231
230
196
241
342
263
252
330
240
265
348
260
326
298
320
276
329
242
323
246
377
427
321
241
251
267
525
335
260
322
285
255
274
274
293
299
339
372
257
370
260
296
263
309
332
279
237
306
309
271
270
259
340
219
319
337
332
257
326
258
200
293
363
328
288
262
0
286
295
329
386
260
249
316
298
269
342
282
328
382
329
280
278
280
215
434
389
400
285
347
273
480
312
295
275
231
217
238
312
326
461
392
322
486
245
390
254
277
252
295
423
286
371
285
306
332
254
282
430
239
239
249
276
220
290
229
265
251
427
256
265
278
397
273
322
349
360
231
303
433
277
334
326
324
269
292
262
287
319
395
303
271
271
299
244
294
320
275
234
482
280
320
303
460
428
308
588
220
370
280
605
278
391
302
368
282
316
244
276
307
253
297
331
284
300
349
263
270
400
292
463
252
251
233
299
0
309
257
441
336
313
252
316
314
300
424
274
310
412
487
347
302
225
271
226
345
258
456
222
315
436
0
264
326
224
298
316
382
238
329
231
274
265
353
289
369
421
281
331
278
262
284
294
276
252
283
332
238
235
346
353
341
338
247
248
357
300
234
339
233
569
281
334
432
232
340
385
296
267
260
348
301
331
407
278
290
434
216
266
241
299
311
234
278
395
315
442
388
277
340
264
342
251
255
365
324
336
291
330
353
248
286
325
282
285
309
220
362
393
278
439
254
335
287
358
297
253
436
244
269
260
315
269
367
269
390
346
440
336
338
246
302
273
305
354
323
257
326
260
238
273
287
401
260
277
259
285
279
275
357
409
307
391
218
354
355
281
593
331
230
328
231
269
301
275
352
253
248
0
305
335
360
359
246
306
278
307
301
265
323
282
278
246
241
235
339
0
255
292
299
307
272
230
0
294
288
208
245
392
455
321
272
279
292
256
353
248
459
238
327
252
301
317
280
304
327
328
281
240
318
221
260
323
324
379
240
354
248
275
313
217
246
293
344
327
250
334
211
309
333
198
341
651
263
389
310
248
246
237
224
281
284
324
221
428
300
295
469
251
334
326
347
308
306
350
371
213
353
258
280
285
260
381
296
291
333
245
262
353
315
315
250
410
265
236
238
0
263
311
246
450
422
284
223
279
257
428
284
363
366
279
274
349
311
376
303
378
275
345
304
297
261
274
409
309
269
316
314
259
428
221
295
316
245
284
464
254
292
339
377
399
540
296
228
293
392
302
339
337
255
243
329
265
274
445
355
257
397
403
317
374
253
309
350
486
310
257
352
278
319
342
312
246
265
256
295
274
337
297
278
335
321
277
244
260
320
337
255
551
422
271
288
346
286
293
292
333
299
344
405
308
271
239
309
346
287
298
344
281
261
247
301
382
309
343
223
322
282
272
252
297
360
311
290
306
520
338
310
243
238
322
510
386
287
227
242
509
345
323
346
274
298
225
289
268
304
285
223
485
235
302
296
252
287
356
277
387
276
291
520
274
333
367
298
453
290
221
342
278
372
320
285
444
452
269
237
324
365
348
298
297
266
300
278
387
261
243
347
337
308
261
303
0
281
282
265
388
467
283
309
259
397
325
389
244
436
478
313
328
295
509
293
252
234
363
307
277
373
333
324
238
304
266
328
321
279
313
246
268
266
333
211
314
362
472
265
260
277
227
242
381
226
363
431
271
243
298
291
272
294
282
346
354
372
223
315
263
276
278
287
333
321
220
317
255
263
331
339
283
624
265
327
388
342
534
205
413
269
237
413
307
262
264
298
316
294
275
224
276
346
293
262
309
245
328
314
287
545
344
444
394
438
523
272
292
225
256
309
291
235
244
252
324
408
277
298
261
404
291
241
298
383
304
233
317
487
283
436
288
310
322
350
323
387
331
323
411
336
306
352
256
389
214
301
269
370
228
346
383
344
269
347
279
261
243
308
267
351
0
225
426
281
285
276
332
267
277
411
274
290
301
308
277
263
304
331
460
294
413
292
220
267
267
377
258
299
268
443
272
266
432
185
404
383
332
267
286
276
324
271
245
311
303
297
476
396
288
320
403
345
253
255
312
272
237
254
287
278
312
318
329
409
361
362
403
382
326
292
270
284
269
241
448
311
292
296
270
331
327
266
302
368
248
270
318
369
310
288
283
367
311
280
322
322
294
301
307
274
268
372
287
337
262
286
327
535
262
282
274
384
478
330
260
301
256
304
347
304
297
320
240
251
274
295
342
232
244
309
279
273
271
506
271
246
232
268
259
468
301
361
393
562
302
311
332
253
456
280
387
251
382
288
371
308
224
274
268
402
278
324
227
458
285
294
311
347
273
405
338
342
286
523
274
299
358
422
353
303
281
275
277
432
277
313
370
416
282
269
254
212
242
269
427
261
382
317
327
410
256
467
410
445
187
261
416
295
327
245
274
279
334
256
378
239
267
313
317
348
346
364
476
313
358
348
311
343
312
232
226
338
254
371
253
362
407
295
284
360
241
258
260
554
278
271
285
316
308
265
310
242
406
308
284
260
430
398
256
303
345
321
198
359
526
272
245
262
280
392
358
244
323
363
229
657
254
313
278
263
338
266
285
225
328
335
315
296
264
276
204
280
400
290
332
353
251
296
216
235
285
275
314
0
265
298
279
278
321
312
308
314
304
292
289
440
237
250
262
263
338
280
268
348
356
522
280
314
320
333
287
237
272
0
306
356
289
306
297
291
268
299
370
280
424
297
286
446
293
199
246
236
248
380
295
209
360
260
243
295
256
306
321
291
247
254
326
249
325
305
220
335
509
292
501
388
316
265
312
284
287
268
249
320
346
307
227
247
248
376
253
363
300
303
365
446
288
323
302
229
534
303
250
304
296
294
235
212
368
281
360
284
340
470
318
374
283
249
226
242
257
306
343
344
326
242
276
368
221
262
372
240
256
353
250
282
306
360
296
262
398
341
279
384
296
337
374
245
390
287
305
284
332
325
255
254
320
385
302
365
249
289
282
402
504
369
333
280
323
277
344
283
341
283
259
230
294
292
295
247
328
298
361
223
409
279
541
278
345
413
385
334
259
350
287
300
303
290
476
284
260
358
406
308
276
315
239
321
364
330
247
287
267
341
357
490
284
276
290
271
219
246
390
318
292
321
227
260
561
312
247
299
258
238
439
292
310
373
394
287
249
382
231
342
352
421
279
307
283
337
263
345
224
262
209
439
377
217
206
368
352
395
307
241
322
269
370
242
325
269
242
678
402
316
297
279
334
262
299
260
348
382
430
293
231
263
363
353
292
276
411
275
233
374
484
356
309
398
265
283
259
302
237
329
225
288
375
266
285
307
265
316
316
332
307
291
238
339
233
351
294
271
231
263
332
319
296
365
303
311
380
312
270
259
399
284
282
307
390
372
237
287
293
259
365
253
246
256
0
449
317
458
314
271
473
319
488
302
366
346
604
257
287
235
240
343
283
310
254
275
278
332
384
277
287
254
479
268
232
301
314
292
385
269
290
270
323
388
315
223
426
338
254
338
201
279
395
263
271
275
292
288
433
485
213
296
226
207
298
313
247
312
263
264
256
398
325
408
334
231
276
277
316
251
247
326
239
397
302
342
425
318
316
286
285
382
337
306
326
283
343
304
253
494
305
259
244
346
339
324
269
273
274
446
500
226
248
210
280
304
267
327
351
369
221
339
239
286
257
439
279
341
272
406
292
244
0
345
239
363
286
269
267
496
401
272
288
275
