528
296
289
218
271
279
286
280
262
236
285
274
303
238
249
234
294
266
278
281
228
309
327
227
345
339
308
259
415
294
238
266
294
271
278
275
329
320
284
294
305
258
284
250
299
345
327
288
271
286
337
311
272
295
282
299
244
242
265
248
319
307
276
252
236
269
225
254
239
251
316
274
240
253
272
254
321
336
262
295
322
249
244
229
295
0
244
296
227
337
305
308
286
206
274
249
238
262
366
383
233
285
325
306
231
248
246
228
263
277
252
308
240
253
238
301
291
217
248
294
260
274
219
232
329
345
280
257
335
309
298
221
330
247
267
250
277
308
299
280
253
297
307
329
256
309
326
212
230
235
239
270
303
307
242
287
242
339
249
264
238
275
250
285
350
372
374
278
223
291
235
292
340
258
226
287
259
242
272
248
253
328
231
303
330
251
255
326
236
243
270
265
317
217
313
276
225
206
252
267
314
239
287
274
275
270
300
293
217
257
343
257
358
463
238
228
273
273
216
328
397
249
235
330
270
256
257
272
308
214
283
264
316
197
236
231
284
252
307
204
275
279
442
260
278
464
279
230
236
247
305
288
266
263
250
356
254
274
278
244
327
265
329
231
288
262
223
295
273
309
256
265
314
249
247
316
246
307
294
298
264
310
247
261
294
363
221
313
214
247
320
243
297
266
276
294
239
292
300
271
250
217
315
246
312
251
270
289
274
303
296
273
259
238
270
307
296
283
218
402
233
288
252
265
256
281
297
240
298
248
487
328
242
303
234
372
262
326
292
280
235
309
272
285
264
424
246
263
277
260
348
240
272
352
261
274
275
269
280
271
267
252
289
256
272
326
293
343
254
341
301
317
237
243
235
229
278
415
286
258
262
283
326
328
297
222
327
261
233
238
366
263
259
226
251
275
254
266
253
269
284
258
251
306
284
268
294
306
253
306
485
332
327
240
265
341
284
250
285
323
268
285
247
252
327
319
270
316
227
236
275
262
296
232
297
261
275
260
351
217
233
251
284
313
244
289
303
308
435
270
378
251
269
250
258
273
243
250
307
251
264
225
280
268
299
393
296
341
295
294
259
301
268
281
282
235
224
283
272
320
266
259
286
217
304
242
268
297
279
407
265
254
302
244
192
266
283
284
284
244
243
317
248
259
300
324
285
225
359
222
353
312
313
242
310
262
286
298
398
367
325
277
281
343
465
252
357
297
267
243
198
313
267
253
298
231
231
277
287
223
300
216
274
253
295
264
222
252
283
277
229
278
279
290
310
213
244
304
300
227
237
226
312
322
236
277
273
224
259
279
278
260
321
315
345
288
221
255
216
279
273
232
339
207
291
304
261
251
278
259
299
251
214
256
283
296
278
246
284
267
300
267
282
447
303
265
253
469
297
326
229
295
314
254
295
287
261
311
312
270
257
402
398
291
222
251
271
287
322
220
320
311
251
259
274
258
298
261
287
424
273
196
292
258
247
271
227
256
365
311
248
238
499
312
288
286
294
290
435
325
318
313
283
269
293
307
355
216
255
234
256
271
320
349
279
279
235
297
280
270
305
269
355
244
231
223
272
387
287
260
296
238
217
283
271
248
243
224
286
212
282
232
216
291
320
237
318
251
243
239
238
282
231
327
250
328
291
280
307
257
379
301
211
265
255
247
263
274
319
325
270
258
276
259
268
219
252
300
284
263
279
216
281
413
337
319
262
255
262
258
256
337
284
269
258
223
309
276
253
217
238
478
280
253
279
277
362
247
251
330
424
256
269
333
345
342
245
290
272
343
367
212
457
259
284
255
303
275
250
270
302
280
234
320
285
328
206
251
249
246
223
253
296
270
287
294
197
291
311
274
256
263
254
290
293
285
248
295
257
246
325
314
340
275
229
323
225
287
293
296
346
227
341
278
312
232
235
244
318
237
342
286
308
293
303
301
356
262
326
357
243
326
267
293
319
321
314
302
348
194
347
251
258
309
313
291
248
261
291
283
302
332
281
282
273
279
279
282
261
241
286
281
223
351
260
314
320
254
235
321
276
268
242
252
258
236
246
241
308
253
185
252
242
311
318
214
299
250
268
246
246
378
342
354
272
353
333
292
274
229
303
271
257
282
233
288
306
278
264
278
274
405
243
246
221
263
268
302
286
282
264
211
269
279
279
282
273
328
288
325
437
269
323
340
305
301
225
299
273
234
257
245
273
479
217
275
239
257
251
264
243
300
328
285
268
219
312
314
343
255
257
255
262
249
245
293
306
227
332
322
250
504
246
309
209
259
295
305
289
319
295
368
204
227
339
286
289
274
259
287
293
224
366
290
276
337
263
223
217
231
321
297
268
252
208
314
247
287
245
299
246
246
258
298
283
294
316
249
295
231
335
237
241
302
259
343
248
321
263
221
237
288
319
260
232
287
275
258
283
231
0
316
250
273
284
241
228
288
210
246
252
294
224
270
222
300
242
273
244
250
236
278
270
243
340
240
309
280
283
298
281
306
274
341
313
316
451
248
284
277
266
220
324
261
278
343
255
302
240
267
286
260
263
266
211
262
257
295
220
415
291
250
261
278
316
247
306
290
396
288
291
324
315
341
261
216
263
216
285
268
316
299
265
302
268
344
322
190
269
244
294
300
286
312
308
269
218
269
265
285
334
209
308
230
205
209
269
317
283
255
304
234
274
242
237
358
278
285
286
301
323
279
292
240
254
282
284
250
312
316
274
311
331
275
262
282
267
291
297
280
358
281
317
225
465
283
254
316
276
268
246
268
237
229
224
261
257
256
324
262
288
272
293
280
300
311
278
237
280
299
223
271
230
311
267
237
289
205
265
233
256
246
327
225
235
231
268
261
212
373
281
415
317
360
320
258
267
366
249
281
307
312
269
218
245
410
252
310
239
265
248
277
298
316
251
250
271
307
277
364
313
303
269
222
479
297
484
222
262
292
214
248
228
262
282
270
367
241
292
252
266
298
291
212
264
285
380
255
255
309
246
254
299
251
223
266
252
242
269
293
241
341
327
309
308
272
355
242
281
346
291
250
241
274
262
321
284
263
290
313
323
278
308
307
264
216
265
274
356
291
265
293
271
259
318
300
227
316
301
283
265
333
293
248
268
235
364
228
213
247
224
252
297
360
264
443
277
314
284
237
204
310
427
257
318
297
227
277
298
247
252
298
290
299
222
288
305
220
294
220
239
330
313
338
256
243
314
234
249
279
218
285
246
265
222
245
270
268
286
318
258
279
372
267
268
304
232
267
266
268
296
266
221
271
276
273
260
232
236
285
232
267
282
266
245
228
320
257
242
262
310
270
258
344
276
206
238
285
254
373
318
302
250
245
220
263
284
229
203
267
242
250
252
263
341
257
292
282
326
260
303
319
344
302
439
298
306
251
403
251
203
330
299
273
275
295
297
225
315
286
306
476
375
432
221
311
335
336
265
305
238
290
261
232
267
241
289
238
300
286
244
235
253
329
247
246
223
258
314
283
298
258
286
449
272
264
272
278
352
323
252
259
215
247
254
332
361
203
328
421
223
240
355
200
291
303
234
255
228
252
215
252
256
221
276
516
305
248
256
292
251
246
266
242
270
268
248
249
305
290
264
307
293
250
274
277
296
301
245
197
305
324
259
232
233
246
303
282
237
292
268
243
303
288
228
257
249
258
249
268
232
248
283
327
255
271
255
221
247
231
279
297
276
263
295
287
293
291
320
249
251
238
324
307
270
310
267
291
315
265
252
508
229
244
291
320
289
205
259
237
281
268
267
265
224
256
251
253
237
230
227
261
281
238
287
304
255
291
272
318
270
314
276
224
282
281
230
305
229
339
231
250
335
276
296
275
236
251
282
313
248
286
224
305
298
279
244
248
314
238
298
257
263
281
315
221
258
250
266
193
337
277
246
297
271
280
229
321
226
235
298
279
297
441
246
267
243
278
313
355
305
239
275
307
276
321
288
268
286
279
267
331
264
268
237
305
260
283
274
258
311
305
262
280
283
445
265
223
214
229
247
256
318
259
330
255
360
313
302
272
249
264
234
232
338
317
221
289
288
307
200
288
294
361
427
282
356
408
290
291
302
255
222
270
376
263
310
198
279
311
263
291
299
222
247
256
286
315
236
187
261
286
280
300
308
270
263
319
302
244
431
453
258
269
250
352
232
258
203
290
290
229
243
227
265
312
278
264
301
281
303
243
509
224
240
237
236
300
210
232
278
253
297
286
221
244
217
242
270
283
279
288
240
254
272
257
270
393
283
234
289
0
229
309
250
236
343
324
371
243
289
307
294
310
226
185
289
272
378
397
297
320
231
241
266
288
234
259
222
299
282
212
266
262
314
237
251
262
239
285
287
274
254
268
303
291
339
242
248
287
294
278
275
239
325
265
291
303
236
354
272
290
302
214
282
327
293
226
340
334
272
259
300
241
456
329
246
255
254
216
226
293
267
232
287
239
268
308
326
310
318
285
264
210
239
341
328
229
232
252
315
306
336
265
334
224
239
238
312
289
299
292
302
203
296
296
295
284
370
273
222
263
304
221
240
299
333
305
210
221
208
243
257
231
244
256
246
244
417
281
265
517
247
261
248
216
250
255
252
289
276
293
272
306
311
315
249
265
286
276
273
463
242
290
260
395
297
267
260
259
282
250
279
383
250
273
325
249
263
297
239
264
297
320
260
290
240
279
240
289
281
273
228
291
381
241
255
258
289
245
307
277
283
214
231
374
262
353
260
332
293
349
405
275
261
278
246
260
274
225
295
217
288
269
280
281
251
339
247
239
288
283
329
253
340
295
261
235
231
247
302
261
449
219
227
295
327
302
285
247
266
249
275
256
257
320
300
268
288
239
266
264
331
286
234
253
273
265
276
262
284
301
320
244
243
294
305
249
209
264
274
241
280
239
247
275
334
214
270
290
250
268
251
270
247
310
247
329
309
275
309
246
266
286
255
317
299
276
280
265
571
295
269
270
284
314
249
239
283
255
258
229
307
326
240
253
308
211
221
224
252
254
252
267
261
284
308
361
272
253
272
249
265
329
401
252
251
263
238
348
254
346
269
378
258
293
252
266
322
216
252
226
248
257
308
240
276
307
304
274
231
295
264
245
297
275
274
226
301
242
277
300
236
324
293
274
237
304
270
253
233
315
274
341
204
273
249
270
313
263
216
258
295
300
343
435
223
277
273
251
349
275
284
286
243
244
225
264
253
346
304
437
251
284
423
244
230
287
293
404
211
277
301
269
337
259
306
343
227
261
274
254
274
446
288
312
338
336
282
301
284
254
237
223
268
300
289
269
290
288
435
258
249
269
300
241
310
243
279
268
261
238
224
309
273
314
265
300
254
461
452
340
274
263
285
486
229
353
331
258
257
280
330
259
325
232
269
281
268
280
247
282
261
285
270
214
235
203
230
320
251
280
259
235
262
257
298
259
301
303
268
253
408
355
274
316
323
257
273
258
295
263
261
296
209
300
250
245
199
373
296
450
274
314
310
238
286
267
260
264
222
250
235
314
260
303
284
302
269
257
281
263
268
272
478
256
212
270
267
280
255
230
240
267
229
264
256
261
270
282
328
252
276
344
276
225
273
297
381
236
318
307
297
288
268
271
269
271
202
248
200
259
297
292
247
202
274
322
331
274
278
315
201
245
271
283
267
258
285
265
291
273
280
324
415
230
285
281
313
279
530
259
312
286
260
251
245
257
261
274
266
300
273
296
249
284
245
301
316
299
236
238
285
261
277
266
251
284
361
262
289
270
375
284
284
261
220
283
252
257
368
288
208
243
253
301
265
298
286
263
297
326
265
270
261
316
279
250
278
237
239
425
318
251
261
319
320
319
257
262
340
271
431
233
300
223
280
362
323
294
250
260
274
309
228
255
277
229
261
242
433
394
382
319
214
332
252
253
291
245
242
328
257
231
254
335
220
287
299
253
283
309
318
274
306
241
303
286
285
269
260
238
355
290
274
290
265
252
308
272
246
221
250
305
264
369
257
256
221
288
339
350
312
309
303
234
241
245
306
332
284
262
244
274
243
267
255
255
221
277
355
269
283
265
245
415
350
331
251
316
271
301
246
265
236
256
321
270
200
287
262
259
262
256
285
221
245
318
266
282
260
235
245
297
275
285
294
239
209
257
258
235
308
224
274
216
297
236
308
294
237
305
286
232
347
249
221
279
311
255
261
271
302
337
331
224
241
251
244
271
223
256
283
278
311
219
419
239
375
334
327
242
252
270
253
271
264
281
220
319
243
243
348
268
226
234
258
385
345
280
364
262
445
229
271
275
420
262
216
263
292
287
350
236
209
392
253
257
262
281
292
253
273
284
234
245
267
328
384
317
220
294
308
289
292
275
267
231
268
300
256
233
321
237
275
224
245
315
335
313
274
330
293
301
295
242
345
210
291
465
240
300
267
276
474
289
264
243
286
245
289
411
245
552
410
260
342
296
306
258
298
271
267
239
266
300
260
249
288
252
247
233
225
337
277
304
461
276
234
273
273
257
237
398
322
302
269
237
244
317
271
266
0
260
261
505
272
362
285
265
301
199
399
226
252
261
260
262
266
259
264
207
235
276
319
253
206
273
262
350
255
257
247
267
246
272
415
300
251
289
242
323
274
237
432
254
268
273
260
273
239
244
282
255
278
300
299
348
280
303
268
258
295
312
250
274
232
281
271
282
265
274
254
282
376
258
259
256
287
321
256
248
256
360
287
296
251
302
303
273
245
304
266
282
244
285
251
255
274
269
296
277
318
254
316
281
261
234
282
284
337
263
248
247
293
245
284
276
296
218
297
253
262
290
252
266
264
264
297
211
308
317
201
335
279
432
245
224
440
236
275
247
199
240
224
285
256
255
365
0
302
290
257
246
199
270
213
299
257
267
223
258
203
301
252
346
270
277
249
289
276
230
248
293
277
337
259
240
246
280
208
231
324
274
320
341
308
310
268
256
260
249
222
338
295
490
292
249
258
206
283
355
271
283
280
227
199
296
255
288
285
226
309
247
227
226
244
289
264
278
248
265
287
287
203
314
322
270
262
331
333
325
253
283
279
251
246
333
272
283
291
286
311
283
245
337
302
278
277
242
291
291
241
235
322
196
258
252
239
241
300
305
259
302
287
313
255
269
265
404
220
314
243
284
257
299
271
278
313
241
335
249
298
298
302
312
301
275
223
251
480
290
245
256
290
252
303
292
273
256
266
270
232
299
285
285
330
309
254
271
286
255
338
291
271
278
248
301
231
293
293
284
218
223
239
274
244
269
364
308
254
293
278
354
268
282
314
245
335
408
280
283
243
255
229
299
266
283
254
255
257
203
304
425
293
251
285
264
230
275
259
212
286
225
319
391
236
262
308
230
271
257
255
315
261
254
221
262
312
225
272
344
261
250
283
225
341
250
261
273
292
278
235
264
252
244
232
257
264
445
281
217
263
262
302
238
245
252
301
282
330
227
230
203
220
240
270
362
294
323
254
230
286
272
304
298
417
249
273
283
392
250
284
278
238
270
252
240
263
300
285
288
260
231
254
265
252
284
355
332
229
245
269
272
268
219
358
271
255
201
295
243
269
256
278
259
286
260
336
325
347
205
281
361
222
224
306
274
339
296
270
447
322
221
249
378
216
258
299
329
270
237
268
299
267
257
243
267
283
308
271
253
280
269
293
291
280
230
228
236
254
405
242
283
300
266
273
226
276
289
266
291
269
302
301
214
260
278
258
273
355
258
340
284
277
260
350
215
258
271
247
276
241
265
322
272
236
286
313
271
330
265
363
222
266
245
259
340
282
381
258
302
234
284
283
313
293
286
316
325
205
221
299
301
280
337
261
285
422
275
277
254
268
321
281
0
266
228
250
289
322
229
288
290
261
266
294
227
259
359
271
284
264
320
295
342
321
377
416
303
256
279
280
268
219
261
314
323
356
297
240
232
304
267
323
313
268
341
299
253
300
247
311
292
349
267
233
231
287
238
295
290
302
266
251
207
283
278
290
267
307
232
292
288
284
289
331
285
308
257
288
364
251
277
280
255
236
494
345
268
259
340
288
237
275
226
351
213
273
235
300
317
234
239
267
241
240
304
277
287
230
241
215
268
232
223
262
289
242
302
262
426
329
237
313
238
464
298
272
323
346
239
312
272
268
271
212
318
257
300
318
334
261
377
278
251
249
266
264
231
238
271
262
256
257
237
275
284
253
322
259
264
217
232
276
288
292
478
284
261
236
251
290
258
239
266
388
336
255
302
303
220
283
212
239
261
304
308
248
418
315
244
237
207
280
290
257
249
242
284
276
301
264
298
286
274
241
255
241
251
228
350
273
269
225
254
293
252
309
324
246
316
300
268
248
352
258
283
277
303
194
286
253
283
296
352
0
265
316
232
313
257
291
273
212
263
373
300
480
264
286
219
287
259
265
250
277
258
256
219
269
282
304
238
305
233
459
293
231
323
240
286
260
287
322
262
277
471
283
320
256
284
245
402
222
212
234
254
295
243
249
223
339
258
323
322
271
214
252
297
255
353
330
255
260
239
294
290
285
259
417
358
341
266
291
218
238
295
308
256
292
211
289
355
379
282
307
235
222
246
311
222
208
273
290
258
306
264
271
302
245
217
227
233
300
224
245
246
214
259
268
240
209
367
311
310
279
253
276
276
361
379
281
255
261
270
323
268
305
244
283
302
455
246
284
292
313
217
230
302
212
266
265
299
290
326
252
326
226
266
301
303
255
256
256
212
219
223
297
335
255
217
231
289
338
246
252
304
222
247
207
266
255
378
231
276
254
238
227
220
285
262
259
270
374
250
279
290
302
249
239
225
340
311
265
217
273
231
268
260
282
264
313
297
314
277
293
271
240
275
418
298
289
278
380
221
237
226
307
282
233
349
257
492
249
273
305
330
295
390
388
270
385
264
253
278
242
270
270
243
281
305
252
230
226
246
255
455
233
244
282
265
291
245
262
286
250
257
310
260
342
259
252
278
234
224
308
277
251
236
420
230
256
294
222
239
337
261
237
280
248
340
269
285
284
322
268
221
264
273
233
253
252
283
282
373
310
287
258
320
245
272
246
430
249
297
267
351
240
238
266
290
229
232
461
205
292
258
411
284
294
309
352
214
258
260
259
240
246
279
260
324
253
279
263
230
390
231
256
234
267
369
279
257
272
238
460
276
302
196
307
283
276
263
311
182
247
272
246
266
229
220
241
311
424
287
205
288
217
289
287
325
247
252
276
211
280
381
250
257
279
238
228
317
235
233
314
258
264
349
457
282
249
395
292
284
242
280
272
309
282
281
274
352
289
225
283
267
294
224
264
307
268
242
286
272
301
343
236
290
276
308
278
264
277
297
228
269
307
277
262
251
177
324
265
302
272
301
286
272
329
247
314
252
287
394
253
255
304
283
253
254
293
258
301
270
295
261
382
274
268
275
266
285
237
235
251
312
283
309
282
314
273
262
252
268
231
272
240
250
269
322
296
231
250
324
322
363
276
247
265
333
449
247
311
230
232
343
236
279
246
216
242
308
284
207
228
303
258
276
280
238
229
244
298
307
289
251
283
365
302
276
256
232
233
242
275
321
243
278
272
332
209
248
258
314
248
268
232
287
314
331
249
204
281
382
250
399
295
291
229
281
343
255
331
343
318
295
276
354
346
248
318
313
336
303
374
299
298
238
299
211
241
262
226
264
241
244
271
285
356
274
229
296
445
288
343
257
263
303
246
341
392
440
305
288
368
222
278
258
367
238
296
232
276
275
264
476
313
316
317
214
420
334
244
225
244
219
298
275
291
283
245
250
288
276
438
278
299
297
257
310
269
256
239
227
270
303
310
301
277
245
269
246
262
264
266
279
294
269
251
290
278
281
228
408
230
289
281
329
263
233
282
278
320
304
245
261
200
258
273
361
294
231
287
229
317
284
248
278
271
255
238
238
272
359
242
280
239
255
230
319
247
338
293
285
390
281
236
378
285
250
287
283
316
290
282
214
272
243
263
239
274
258
251
289
257
267
219
258
241
271
312
219
294
355
284
269
296
214
279
274
222
254
222
231
264
363
230
243
285
335
281
313
315
241
246
276
243
326
253
229
310
286
191
260
321
297
214
299
251
250
284
209
244
267
269
274
255
307
299
301
306
302
281
365
359
295
307
266
251
233
255
242
309
286
231
344
244
334
301
219
283
276
227
304
304
264
255
241
208
197
260
305
377
270
268
248
245
272
246
271
241
271
245
264
242
286
269
298
420
285
237
224
305
250
279
214
343
375
253
345
226
346
310
272
325
301
274
211
356
231
260
260
217
291
258
231
269
288
308
218
271
250
267
289
331
291
288
259
233
308
272
250
300
288
244
399
291
272
328
324
258
238
320
0
289
291
330
247
245
289
257
293
309
286
328
307
413
293
279
268
267
327
264
304
275
272
251
277
239
288
237
303
247
251
270
282
288
284
233
212
223
221
258
305
277
253
266
302
234
238
255
305
331
220
240
218
255
271
259
251
261
281
298
245
253
252
344
271
288
201
219
253
278
308
289
315
268
306
278
265
213
299
320
233
256
259
253
282
236
250
288
217
243
318
277
0
277
288
319
278
248
284
299
263
259
318
229
234
308
254
307
306
228
263
287
302
286
366
250
295
279
252
280
213
360
265
390
279
260
270
256
225
238
278
244
251
262
258
203
236
284
267
255
254
279
224
355
337
290
243
231
283
420
299
265
410
277
223
260
258
293
296
288
300
208
239
255
304
221
329
237
227
254
451
317
269
302
235
243
223
231
271
253
268
287
242
257
405
273
284
286
286
322
290
292
235
267
292
314
276
400
463
283
342
262
277
266
271
290
421
211
224
269
317
232
239
360
377
264
298
318
400
276
230
258
234
237
265
208
256
217
288
300
232
279
285
243
307
253
254
250
245
220
280
291
229
260
282
284
312
257
234
337
277
273
245
296
266
283
291
390
268
324
274
303
190
240
263
278
202
215
267
285
193
258
250
247
246
268
251
304
316
271
258
260
265
245
240
244
223
228
279
240
267
352
295
375
272
230
266
341
328
304
365
0
222
262
305
323
262
310
298
252
0
269
276
396
283
410
312
261
340
280
247
281
222
231
326
244
302
429
312
277
250
255
223
299
286
281
268
263
300
275
293
367
313
247
353
304
269
344
295
248
430
274
223
276
264
217
276
461
260
365
281
206
266
256
221
304
285
251
295
289
213
276
240
308
244
259
296
237
388
232
296
361
206
282
233
211
302
264
220
477
245
308
286
268
290
249
269
253
253
252
225
266
335
285
254
254
324
342
279
279
273
361
358
296
241
317
245
211
293
270
279
275
433
298
269
286
309
320
280
227
301
295
378
251
245
302
274
293
246
265
291
269
304
288
280
246
262
265
275
312
275
279
305
341
256
244
316
258
298
355
460
296
283
258
189
255
263
255
248
287
310
237
239
248
327
253
245
338
349
254
275
276
388
241
264
269
342
346
270
280
245
380
343
240
278
308
291
292
449
283
294
311
238
425
268
275
237
270
273
272
209
232
260
265
242
385
241
246
258
252
224
265
234
274
289
327
229
205
250
234
286
293
265
249
288
329
312
272
321
208
295
285
245
262
224
243
0
256
257
254
308
231
314
269
279
203
435
270
318
361
515
299
289
288
282
264
324
295
400
278
291
238
227
253
223
225
273
270
267
266
321
286
291
276
273
280
329
267
228
188
283
258
237
286
258
306
277
254
251
206
305
267
467
289
251
245
340
345
315
265
309
256
500
243
252
257
265
287
286
244
221
294
238
311
267
251
271
274
347
254
244
202
244
302
223
186
274
269
330
221
259
266
435
261
213
287
246
337
252
343
265
216
196
286
301
326
290
373
244
266
321
244
264
289
233
224
235
229
230
308
276
227
240
262
276
268
243
360
197
221
334
346
228
255
275
268
285
285
277
298
266
306
271
316
308
269
269
281
278
237
258
248
255
347
295
410
415
268
303
312
296
271
262
239
309
286
247
276
299
244
243
238
468
306
218
307
251
305
275
221
292
227
248
312
222
463
253
217
266
223
380
318
498
275
327
315
374
299
279
351
327
279
273
256
270
299
294
228
493
249
265
246
233
297
298
304
225
241
251
246
240
278
255
227
341
321
258
232
302
247
299
314
260
253
207
291
244
200
276
321
272
288
242
309
244
259
370
312
298
301
244
347
294
302
448
281
414
248
253
264
263
238
244
263
256
223
209
287
248
239
247
275
290
262
306
257
308
303
258
282
321
320
250
267
324
265
205
254
327
335
222
292
322
262
320
261
275
244
331
307
308
440
233
282
322
236
280
222
270
227
275
208
227
254
288
287
309
327
255
285
251
272
245
332
287
233
324
224
285
290
290
249
249
330
271
287
248
273
274
310
307
434
254
274
289
483
334
277
249
229
279
274
267
472
282
313
288
232
317
256
266
312
277
277
320
260
199
260
236
275
306
276
331
290
296
231
304
304
278
266
336
321
365
233
285
287
253
303
251
288
354
340
284
277
259
281
262
300
260
265
294
261
280
258
233
247
272
272
223
244
283
348
271
277
237
285
345
326
250
236
256
249
224
267
286
264
254
267
245
308
349
255
242
243
253
311
304
287
280
241
260
304
242
245
251
224
306
242
192
283
268
254
304
286
256
200
434
391
491
235
241
281
286
284
436
258
333
284
272
288
291
202
285
303
275
276
383
348
274
261
244
255
273
328
321
257
288
271
213
256
224
292
271
226
277
256
235
287
294
269
264
295
255
369
316
489
239
266
297
269
314
250
245
217
243
219
266
257
215
260
304
234
256
286
254
253
309
273
240
219
267
223
286
291
246
372
312
275
270
263
270
238
238
293
275
267
255
298
249
281
264
289
245
319
222
229
294
262
350
318
252
296
266
204
286
313
236
244
292
280
289
279
284
262
276
224
226
257
293
294
290
315
253
294
309
445
274
274
255
291
252
268
312
207
255
324
307
276
288
276
364
263
281
314
226
299
333
200
320
328
247
244
266
217
242
251
298
239
255
449
419
397
280
287
305
229
285
278
287
265
269
288
255
231
308
243
302
236
253
222
229
273
285
264
271
297
256
257
298
329
266
317
330
341
321
295
280
278
255
265
245
280
277
301
271
250
241
356
249
254
195
230
229
308
325
289
241
261
260
412
372
283
220
278
248
221
306
252
250
495
237
281
295
330
221
277
235
233
201
287
248
296
207
231
226
300
344
318
326
254
298
247
215
263
260
263
262
306
245
399
262
258
267
234
266
207
292
309
383
305
287
265
245
274
289
184
268
295
247
288
281
308
235
241
270
291
240
268
340
237
263
270
208
293
259
187
307
260
253
296
273
281
244
306
230
299
343
280
232
211
282
280
285
287
274
228
349
237
279
273
302
271
309
219
283
235
239
303
237
284
283
308
273
278
275
244
275
295
282
307
247
253
285
268
319
319
266
287
222
269
308
284
254
261
264
310
0
261
286
339
289
324
308
263
241
259
340
257
235
339
341
301
275
268
244
297
275
309
307
292
232
211
215
320
269
225
235
254
224
283
227
336
249
235
217
257
245
270
251
269
251
295
265
287
259
203
244
225
285
339
252
243
333
236
235
280
260
271
266
285
326
288
314
251
353
255
253
273
274
239
267
273
280
292
219
273
455
255
271
288
271
356
250
258
283
298
211
270
377
359
215
327
323
255
262
410
264
248
274
206
244
336
301
302
272
213
271
0
274
300
232
244
246
285
249
254
294
249
257
239
297
286
266
440
217
232
232
329
252
396
241
249
289
251
278
236
289
319
281
253
290
228
275
272
294
223
279
234
258
271
278
242
252
242
372
281
325
261
269
226
310
247
292
266
276
286
275
306
343
225
225
246
285
383
233
269
211
236
323
390
295
261
274
338
294
276
243
346
258
261
272
214
335
323
272
310
485
273
418
292
218
326
318
239
298
373
253
293
261
389
251
219
265
274
258
284
261
214
268
316
281
304
414
280
218
324
269
251
366
261
388
272
305
245
225
292
263
282
407
306
274
325
326
265
286
270
317
275
340
276
262
277
467
292
354
260
238
256
268
286
227
284
252
256
239
216
252
305
266
273
280
255
286
276
263
244
385
257
191
236
267
310
431
296
264
326
234
279
328
327
261
341
215
403
211
316
257
276
253
391
248
245
286
239
234
287
282
398
270
276
277
238
250
221
247
257
283
278
327
226
265
240
245
222
254
257
254
308
359
282
229
271
285
337
289
266
289
235
359
201
393
332
271
264
247
282
255
268
253
393
228
292
304
234
242
223
296
265
292
247
245
290
263
267
279
271
221
255
243
364
284
246
264
306
278
265
280
309
238
256
411
241
280
358
282
237
194
308
269
349
273
279
275
270
211
226
290
257
247
230
259
238
246
269
273
231
272
275
303
267
457
303
289
291
309
292
275
241
347
275
288
396
349
284
278
225
294
338
199
224
250
237
284
229
288
251
326
252
263
291
288
422
314
296
355
301
265
246
234
271
310
264
274
253
261
293
274
262
300
287
251
263
240
288
267
291
242
264
279
320
275
231
370
228
234
390
289
271
289
300
276
233
273
272
234
260
257
290
233
292
345
319
254
278
311
416
321
298
263
203
265
231
264
221
290
260
229
250
250
271
272
313
280
251
260
226
301
282
330
313
275
317
313
295
215
270
239
198
344
313
277
324
284
327
331
308
223
286
277
317
271
250
301
212
271
211
260
312
270
253
222
219
262
409
261
287
261
284
252
280
256
266
261
274
246
242
300
289
297
273
287
245
257
296
276
224
230
280
293
230
292
375
344
390
285
284
342
283
280
286
295
0
292
261
267
248
264
256
234
267
228
255
243
315
267
366
301
244
335
319
266
313
226
225
270
229
229
278
233
303
236
313
314
270
290
272
316
405
203
278
253
334
375
294
380
230
304
314
230
393
237
312
257
267
263
264
274
289
267
289
234
244
230
297
298
230
264
275
288
243
229
263
478
294
288
366
322
295
377
267
261
368
250
290
259
238
361
244
242
308
286
323
315
241
234
310
278
279
288
269
289
243
299
254
248
248
214
258
435
223
236
283
364
240
337
218
286
277
343
263
186
277
320
289
277
276
312
271
336
276
304
299
271
230
271
321
290
250
253
233
275
223
308
303
223
286
340
360
263
300
266
257
233
290
452
267
263
229
272
246
261
266
193
303
271
354
276
442
257
251
256
330
304
256
272
223
326
272
269
321
502
270
301
257
312
252
218
239
262
289
316
246
246
279
377
313
266
246
324
308
227
214
296
284
278
283
277
277
315
257
412
243
241
265
272
262
274
221
213
220
209
295
292
288
273
218
300
206
328
259
286
241
251
215
235
411
275
388
265
314
278
338
240
297
227
231
249
293
255
263
279
299
283
245
260
313
280
295
263
310
287
241
269
272
302
238
276
270
264
301
281
269
341
280
210
337
280
232
249
263
270
246
257
301
255
263
333
298
266
298
272
266
244
301
234
211
246
283
240
293
230
269
187
292
259
222
289
261
407
251
326
283
323
256
238
330
264
239
241
283
305
306
293
426
229
222
287
300
286
281
274
263
298
318
376
459
275
260
503
257
237
280
238
287
299
407
221
246
280
255
260
256
300
251
248
261
238
277
222
435
237
265
286
247
261
294
230
307
261
228
225
275
251
325
467
283
304
308
216
241
294
303
248
268
285
252
242
311
313
308
252
271
239
264
282
227
246
412
208
231
283
263
295
278
260
293
273
246
296
243
252
308
217
308
296
221
273
299
273
335
229
246
322
263
335
382
252
291
202
238
306
264
338
269
281
281
294
244
233
226
204
263
294
197
206
345
273
269
256
259
270
227
239
294
220
250
273
282
235
211
294
291
258
288
261
263
236
297
246
455
292
358
238
269
278
203
231
246
272
234
281
331
290
280
248
240
282
284
281
250
246
261
237
262
274
274
273
269
274
323
292
289
267
262
255
457
313
275
244
397
405
280
308
228
276
223
266
223
301
248
303
318
255
317
240
275
220
227
257
388
241
320
275
253
310
254
272
292
225
242
261
263
241
301
259
295
305
286
305
325
292
283
261
423
275
229
332
209
282
345
236
276
204
430
318
238
234
296
307
310
296
316
277
367
246
240
247
257
291
243
263
295
207
252
261
276
254
241
252
258
276
215
254
229
264
383
284
296
284
241
325
246
323
276
327
252
310
230
300
274
304
280
232
206
251
311
263
267
289
271
318
269
346
321
336
269
248
255
289
268
236
239
305
310
241
439
209
292
266
259
250
278
323
254
254
329
272
323
244
253
298
273
309
279
226
215
320
275
272
265
276
270
305
323
238
385
243
263
406
285
290
535
246
293
247
293
