243
363
276
254
508
309
417
293
316
303
304
242
316
264
308
317
283
289
313
256
257
0
347
307
294
317
198
471
309
214
360
284
322
321
318
307
255
309
267
405
243
277
230
364
289
484
247
321
477
283
463
268
247
332
251
254
341
305
578
439
233
235
307
218
273
287
229
289
343
206
274
423
269
221
246
329
288
242
295
355
255
343
375
214
425
455
277
218
254
327
407
296
352
377
424
275
263
308
273
265
286
0
242
349
288
420
288
354
294
342
0
329
228
275
276
256
301
327
369
288
230
221
413
275
244
260
412
299
354
362
242
288
339
327
239
396
433
374
275
238
337
423
326
270
309
316
315
0
394
276
254
220
271
268
266
221
365
261
342
303
286
295
236
499
307
292
0
486
284
389
342
297
262
392
291
254
265
288
362
281
312
338
325
245
230
275
265
227
232
259
364
498
232
370
315
251
289
286
243
270
309
265
323
313
382
295
310
233
278
313
249
285
353
274
244
311
253
332
251
331
281
272
259
282
238
258
495
311
302
242
323
268
451
271
286
267
334
293
281
257
341
297
0
455
281
404
276
355
395
276
258
277
421
253
476
291
366
364
378
344
574
285
606
236
510
289
265
348
407
278
296
299
279
262
319
393
540
328
269
248
276
327
269
326
581
272
373
451
289
312
365
247
259
308
227
288
284
247
329
338
227
236
276
394
271
282
362
235
305
292
329
394
272
257
295
262
322
263
340
243
286
241
248
256
328
267
330
348
393
329
321
295
519
254
305
211
273
341
299
300
380
383
268
495
357
357
281
246
231
264
334
260
253
235
385
220
302
427
338
247
215
311
278
257
291
335
276
271
337
381
274
482
332
327
240
261
375
256
270
260
346
301
476
333
263
302
275
244
314
388
417
321
227
341
319
240
291
301
258
352
262
279
348
287
541
376
299
368
243
342
326
357
250
270
286
573
255
257
350
361
259
388
303
251
295
314
271
318
307
445
209
361
331
408
294
455
289
257
377
279
407
371
343
351
312
438
391
334
424
527
252
348
317
292
339
212
325
278
314
271
295
238
305
332
268
321
342
253
319
333
275
396
246
224
490
334
374
435
382
258
290
319
355
315
287
335
259
259
250
281
357
446
286
452
290
358
327
432
396
447
330
465
286
437
345
265
377
416
337
229
235
277
311
333
268
0
246
474
305
295
308
383
406
370
254
345
278
255
307
292
253
345
265
350
313
332
401
279
321
327
261
215
274
411
355
296
396
273
222
379
562
270
326
323
279
226
325
396
400
283
442
247
281
248
330
253
338
258
282
325
309
272
284
277
244
390
307
319
239
266
323
253
453
304
284
429
433
439
483
351
296
395
274
248
612
257
0
330
309
274
374
327
202
228
280
254
352
261
284
300
276
320
244
285
276
283
438
329
310
267
262
359
281
381
361
253
298
300
315
478
293
350
404
380
391
289
331
294
249
241
404
286
511
211
354
317
252
333
318
343
400
231
277
369
318
425
318
201
364
397
257
240
305
330
339
335
212
255
330
263
250
404
275
269
422
269
289
0
331
212
340
214
329
441
241
334
265
272
321
441
417
243
271
393
278
270
496
257
399
340
304
303
291
300
302
426
285
256
407
291
284
248
363
385
264
408
286
369
250
389
470
261
238
479
336
207
359
269
265
286
266
302
301
365
330
247
258
306
331
217
354
317
294
429
207
287
262
329
286
346
518
301
289
367
285
332
332
344
437
244
258
271
276
515
346
264
319
275
263
533
316
363
376
287
238
292
270
273
335
327
239
446
399
323
391
248
236
429
231
304
372
380
493
353
524
305
237
276
416
294
317
252
432
431
282
329
347
283
377
293
297
346
537
248
307
404
248
283
391
440
358
285
275
304
269
263
299
313
240
291
259
475
431
347
284
329
288
288
382
295
270
240
276
293
300
357
317
307
270
478
264
425
235
298
370
305
309
247
279
218
346
274
286
243
362
308
419
514
279
251
267
298
205
304
281
326
308
276
210
215
269
348
249
342
257
369
360
268
328
422
425
282
302
295
285
294
353
321
270
270
281
342
271
376
246
278
336
288
271
217
278
287
350
249
396
333
492
368
266
420
0
248
257
333
461
236
346
442
273
292
257
238
283
258
235
337
0
263
243
286
261
323
285
270
235
289
317
291
256
379
329
273
488
271
259
319
246
294
237
317
297
294
265
240
310
265
307
324
376
216
285
438
230
410
312
294
271
470
175
368
277
415
283
292
243
316
432
314
377
562
246
275
231
317
303
336
344
305
251
319
342
307
285
402
451
322
363
271
224
270
296
223
303
286
271
295
307
238
341
365
263
293
269
306
467
507
317
284
257
304
309
317
474
357
311
234
280
303
310
387
251
292
380
508
411
231
277
0
299
254
304
270
325
285
397
319
214
276
357
290
400
413
427
209
281
510
241
236
242
0
274
229
288
233
241
465
345
294
242
368
293
303
375
266
482
380
395
210
310
290
359
343
266
315
278
358
311
284
334
309
263
215
288
301
300
312
423
234
347
236
263
368
274
268
312
269
344
250
225
262
237
309
262
296
306
319
301
266
313
266
309
251
250
229
282
255
453
271
287
475
516
311
286
282
240
254
292
327
234
271
236
282
242
322
258
457
243
341
376
338
388
436
473
337
302
312
379
274
287
460
402
320
276
298
447
300
287
310
287
230
330
297
309
356
296
240
282
245
375
290
253
316
305
269
339
269
301
215
240
263
330
359
267
260
261
533
279
0
260
489
299
352
281
230
326
349
276
334
478
314
244
321
382
310
409
307
243
0
411
332
344
356
358
278
411
339
315
284
292
351
380
293
249
285
283
252
472
366
282
319
357
363
206
310
234
259
267
327
296
248
327
301
268
306
273
289
258
280
368
324
289
397
392
200
332
233
319
275
304
543
327
341
294
346
419
315
380
326
303
386
484
306
273
267
325
288
364
269
363
312
248
379
363
322
261
425
224
325
306
307
348
283
289
387
240
260
365
242
287
415
377
402
353
484
295
268
238
287
350
315
542
357
230
286
231
258
232
308
445
278
276
203
251
331
224
318
317
288
260
402
249
296
254
310
353
338
232
298
351
229
292
250
364
375
325
208
235
259
332
262
252
300
334
438
371
303
329
283
356
324
224
286
265
419
675
408
308
255
330
317
308
298
262
261
215
285
310
318
269
310
244
417
276
271
399
259
324
309
470
322
289
0
338
276
285
254
524
304
574
307
219
250
471
0
393
280
305
223
280
334
261
234
324
308
342
262
0
313
289
260
293
346
409
350
353
401
272
386
264
268
393
352
332
354
303
266
311
244
551
316
190
419
499
275
279
300
385
347
269
234
249
353
321
363
389
298
240
347
235
255
238
297
293
284
330
302
250
285
304
386
226
288
384
314
273
397
297
248
320
287
292
343
267
253
333
267
315
263
351
290
315
279
333
357
403
294
272
381
224
256
346
457
492
334
333
304
351
237
283
367
283
311
300
266
271
404
309
248
262
285
318
264
289
350
275
356
279
244
339
351
266
267
240
367
295
454
298
267
409
238
361
268
342
300
295
261
322
258
319
393
309
272
246
319
380
276
306
461
282
378
385
271
288
296
418
235
495
304
257
222
343
319
320
332
316
257
277
293
347
242
349
284
264
241
290
234
240
291
280
362
286
270
301
260
239
271
251
319
270
308
361
284
283
253
320
327
292
300
255
278
290
204
319
281
279
316
328
286
331
272
345
231
337
330
297
413
307
210
286
274
303
434
210
213
229
249
316
392
329
489
329
309
387
289
394
360
438
309
312
305
287
331
249
289
245
448
317
250
329
459
213
299
433
258
293
305
236
300
463
272
312
331
344
286
374
390
329
279
347
296
251
359
254
393
661
321
271
347
355
297
300
283
381
294
280
461
235
268
320
343
342
350
259
324
370
277
248
368
381
242
306
268
406
376
259
271
334
335
273
276
275
242
266
305
282
452
275
248
308
246
350
252
256
328
232
288
317
243
395
277
301
242
228
327
259
310
215
277
333
302
270
298
325
384
368
325
414
306
345
299
239
286
263
250
329
352
343
259
362
209
250
388
270
293
304
501
300
329
424
333
441
219
234
348
354
350
291
317
267
336
247
289
384
573
299
354
289
298
259
246
307
292
247
285
291
431
346
234
247
326
364
241
258
306
400
332
268
329
262
309
319
242
285
366
355
316
349
275
350
338
320
288
213
370
264
347
294
380
263
267
406
464
330
319
228
310
284
281
277
322
265
188
269
499
281
289
240
303
263
284
353
259
305
363
227
270
372
287
365
256
370
302
241
349
241
317
289
347
276
377
341
326
238
308
232
364
228
296
345
346
241
451
327
270
262
336
292
266
362
281
257
240
278
291
235
305
352
242
269
366
326
282
354
241
301
290
272
319
305
228
409
311
250
227
271
333
317
269
355
352
331
426
319
262
289
230
324
317
317
285
263
274
244
244
266
272
383
235
329
257
444
263
430
241
311
332
332
287
462
378
328
310
252
236
234
320
313
269
266
238
328
238
479
354
285
366
392
264
399
309
335
272
307
244
241
285
270
271
278
342
266
269
406
257
280
353
220
241
212
231
315
294
371
311
546
317
295
289
283
365
281
294
278
297
330
332
273
237
0
250
308
490
412
277
229
241
225
374
247
277
259
282
226
363
331
420
405
0
320
308
277
268
240
365
340
306
281
333
364
217
305
346
432
356
286
323
338
282
277
422
392
281
211
242
334
336
523
306
298
293
291
298
300
321
361
285
282
242
245
361
307
270
228
299
463
253
282
351
323
259
275
271
348
263
433
270
313
284
221
380
388
518
316
337
294
244
261
353
386
281
302
286
448
236
289
265
415
320
379
332
343
241
247
272
534
356
338
275
246
251
324
361
248
269
292
298
234
362
598
267
375
229
473
286
235
325
191
274
332
262
216
382
248
295
272
256
441
393
242
253
357
447
277
227
270
238
376
287
278
320
261
330
249
232
409
294
288
234
321
340
267
300
309
348
273
245
293
292
397
263
539
388
379
250
330
462
228
285
495
349
332
321
317
298
398
492
327
522
523
315
309
339
281
320
352
297
306
338
298
186
250
294
287
301
268
268
384
223
372
236
283
0
374
277
411
327
287
311
283
323
358
232
294
323
306
276
349
322
236
262
388
330
558
240
297
406
334
343
277
299
313
282
216
318
431
314
258
305
256
293
262
278
247
227
268
390
268
251
282
254
291
305
246
311
398
355
271
258
285
319
308
254
221
386
336
447
287
302
292
286
245
238
338
353
213
331
264
316
365
266
272
418
296
222
270
237
247
304
396
314
319
374
314
241
345
262
360
493
351
368
310
305
286
298
417
266
316
246
260
299
267
317
282
421
371
283
371
306
308
427
426
263
301
274
232
297
307
277
360
344
302
309
346
421
268
271
533
377
284
247
365
454
272
417
272
255
251
277
367
415
344
377
323
271
286
376
266
305
265
265
329
329
277
234
320
0
499
265
338
293
249
220
229
270
570
374
282
375
215
239
296
348
304
328
300
240
345
273
325
255
257
271
504
417
245
313
236
312
249
222
0
536
430
352
346
409
245
290
32
0
321
363
329
246
242
258
229
296
382
530
244
317
251
359
273
362
355
324
260
265
305
348
352
308
348
281
221
367
326
323
329
401
269
242
276
337
291
291
399
472
262
404
327
307
300
236
363
360
276
225
343
312
219
236
388
289
270
281
424
279
349
364
290
256
238
326
348
232
255
374
252
273
236
317
235
385
348
310
408
322
241
263
267
248
363
313
335
292
298
310
323
296
257
278
290
366
386
311
425
275
247
264
256
339
287
363
250
333
363
272
304
481
267
427
310
298
353
396
339
390
379
506
425
305
267
292
270
368
216
330
333
267
268
227
0
445
238
289
255
316
259
339
306
256
269
296
382
322
261
340
327
208
255
220
274
290
305
246
284
322
370
289
286
293
287
241
327
303
281
340
298
345
255
267
202
350
297
314
487
304
344
275
262
307
249
275
279
258
228
370
197
324
412
254
314
265
397
282
233
236
305
270
361
354
264
249
325
272
280
250
276
438
257
393
252
236
538
280
237
376
261
308
316
335
290
338
292
222
254
229
267
287
292
268
279
307
326
246
341
274
362
314
324
283
256
250
277
253
273
233
328
277
461
359
325
238
289
231
466
265
284
294
313
309
334
280
0
437
417
282
348
317
224
265
222
331
398
320
265
249
268
313
354
336
394
284
303
295
244
264
208
293
552
284
243
283
270
362
277
246
298
345
270
385
380
288
317
322
292
310
364
282
252
285
336
275
321
409
308
259
328
477
321
278
201
223
250
397
292
543
335
441
326
277
322
249
355
338
299
291
354
241
416
311
296
291
300
242
314
275
359
338
266
258
372
521
228
298
252
368
230
284
371
323
267
0
234
398
326
427
311
283
302
234
293
291
310
587
279
309
316
293
273
282
250
264
279
318
283
300
284
382
320
291
346
213
416
365
259
370
293
354
298
214
288
0
304
289
271
228
283
285
299
257
286
321
338
304
306
398
336
220
389
369
304
0
335
231
236
372
250
265
301
268
348
234
263
384
286
359
273
297
354
357
411
285
294
347
324
309
260
276
530
281
418
262
347
438
252
376
469
472
280
273
270
269
292
294
296
296
235
371
391
277
258
274
378
338
330
238
248
318
280
259
296
269
325
228
328
268
296
280
227
281
355
211
195
357
276
221
312
289
436
344
269
380
297
343
246
309
255
237
366
322
289
237
283
224
269
326
382
309
338
339
239
285
322
289
259
283
355
335
249
229
322
322
346
291
537
489
290
333
307
288
394
306
446
355
310
306
376
373
310
253
311
337
319
279
240
350
233
251
346
236
318
340
398
279
561
481
305
339
465
324
289
336
250
254
305
367
315
286
373
328
329
473
313
291
268
305
267
239
454
514
311
274
345
0
324
317
397
392
262
274
259
323
542
316
409
309
305
359
322
390
225
520
259
456
282
313
310
264
333
282
261
223
284
282
309
354
268
280
264
284
399
286
272
345
353
322
384
459
328
316
363
313
291
314
404
200
334
216
372
336
324
261
261
370
347
231
260
292
389
305
247
290
241
270
306
363
250
263
340
289
314
365
311
0
274
281
311
361
339
312
274
267
261
263
250
249
389
178
430
285
258
281
293
273
238
336
351
378
237
345
295
401
446
317
267
323
269
262
298
287
300
312
259
281
474
429
338
402
340
219
363
518
297
257
278
312
339
364
381
248
253
256
294
314
272
228
436
326
340
320
398
324
292
427
268
276
244
299
232
279
232
349
270
328
230
211
282
264
358
462
335
271
340
380
522
283
257
310
312
211
315
255
418
387
239
253
256
204
393
368
319
310
323
224
245
361
389
348
252
200
331
322
389
288
343
318
299
300
452
234
294
364
265
240
255
319
418
371
282
254
270
305
478
345
312
433
301
274
259
377
308
442
232
274
341
328
243
259
265
255
270
256
316
338
416
287
231
227
269
210
232
327
343
295
215
312
277
292
322
340
270
320
324
296
264
328
355
468
350
254
294
461
276
294
244
370
327
272
292
288
246
360
251
346
283
216
257
356
250
313
229
296
365
328
0
321
243
287
325
360
403
245
257
291
265
236
256
273
266
311
263
240
356
428
304
244
368
307
237
299
313
274
320
275
205
393
302
263
487
194
352
395
271
263
238
628
255
405
415
260
306
485
372
245
383
285
258
268
391
286
381
228
352
235
227
295
400
474
276
417
332
277
262
305
281
265
293
271
278
229
287
231
455
340
339
212
365
432
299
310
263
257
341
231
334
264
246
275
314
338
230
300
265
295
288
324
312
300
296
290
323
371
261
295
328
266
422
469
354
312
312
260
454
295
227
350
299
362
462
294
294
319
260
306
340
255
261
329
370
290
435
311
299
341
251
339
417
342
232
290
203
321
297
286
296
348
274
312
355
270
379
262
324
313
352
295
486
515
477
235
213
472
247
268
327
444
437
422
334
268
265
273
320
458
405
423
364
268
295
285
228
328
243
321
303
298
270
262
366
278
253
331
276
266
378
316
267
332
249
338
302
299
284
284
292
288
292
216
284
287
301
471
347
262
328
253
428
330
323
255
319
314
356
208
232
366
265
238
312
283
202
204
290
305
291
250
229
269
337
271
346
206
293
369
335
361
288
358
248
216
262
313
0
331
355
341
287
418
303
298
197
335
378
371
406
286
490
363
258
332
310
286
351
251
295
267
369
260
374
340
371
263
314
349
241
282
239
238
274
240
306
247
250
0
255
356
292
228
271
278
248
261
219
514
272
224
255
429
351
362
293
293
354
336
295
319
262
306
522
342
450
253
284
374
246
334
320
377
291
255
258
285
285
279
243
254
473
239
292
306
239
334
272
301
270
282
287
329
243
277
323
258
227
237
549
339
472
477
296
377
479
302
280
306
214
376
376
272
332
329
262
286
342
250
241
360
306
323
297
386
252
292
287
290
306
378
287
279
294
0
258
381
365
261
264
353
310
285
307
453
258
292
262
324
307
322
402
311
233
323
248
416
245
339
456
264
298
300
274
281
263
229
0
366
616
274
264
326
253
258
232
277
257
283
427
282
302
262
283
266
275
348
394
371
318
246
449
362
369
306
379
273
322
364
274
283
338
273
272
306
230
286
286
298
287
482
463
363
446
242
270
498
313
304
221
431
274
399
354
335
297
275
256
249
318
264
272
320
485
237
431
410
356
237
189
357
255
329
311
358
300
277
314
324
334
287
233
319
321
438
313
312
355
321
276
278
287
320
277
380
419
269
295
300
370
304
284
452
308
377
467
290
305
243
276
224
317
303
400
254
0
342
262
324
201
289
223
333
319
370
366
368
473
346
271
332
333
211
332
255
404
315
233
304
286
358
284
231
310
303
324
257
251
303
542
328
336
258
357
260
262
329
230
345
305
352
405
278
304
342
255
292
278
414
244
319
242
283
390
195
253
318
500
229
286
274
299
309
298
315
301
315
255
316
266
320
225
270
526
277
317
255
214
292
345
265
294
390
292
315
344
269
420
280
0
291
372
260
385
0
292
334
242
398
225
290
372
276
349
335
317
232
317
256
326
290
209
251
316
305
314
309
338
246
265
322
346
262
313
345
328
297
268
254
415
255
274
255
270
318
474
397
345
359
441
285
394
304
343
317
321
317
390
0
284
321
469
276
420
0
305
334
255
343
268
256
196
294
366
310
385
286
264
292
263
261
243
219
262
245
295
296
360
300
276
229
283
291
294
337
302
284
306
290
254
346
284
286
529
249
296
430
248
359
395
303
295
333
352
293
253
338
247
261
254
469
432
449
281
301
430
251
226
305
289
388
289
288
239
297
276
325
251
422
266
220
274
255
336
264
266
284
286
318
231
234
425
252
365
239
433
234
507
298
278
417
263
260
294
356
298
353
314
286
245
258
295
247
287
354
253
323
313
411
248
267
357
312
386
330
277
421
374
380
315
225
321
379
331
264
296
254
357
271
438
390
329
309
256
302
274
285
304
216
386
508
257
369
286
263
283
340
351
286
262
294
394
271
315
329
286
301
417
293
347
306
343
281
564
326
575
253
264
302
278
283
330
302
320
320
424
481
284
507
314
298
321
464
306
320
249
309
250
311
318
487
214
347
256
250
243
317
339
420
310
252
270
304
276
331
271
393
253
281
387
297
348
273
267
271
345
315
385
363
364
315
249
238
483
264
342
255
381
234
257
510
209
535
273
418
521
299
314
272
467
352
341
238
0
561
314
267
290
448
236
561
301
455
296
486
368
266
333
366
321
274
319
257
418
245
263
311
259
297
312
247
270
329
373
237
214
333
241
260
266
271
250
364
264
365
269
270
349
306
0
321
261
398
276
458
304
336
279
273
328
263
286
283
237
345
253
480
289
377
284
307
263
283
308
391
248
466
306
346
333
255
268
324
290
364
291
226
299
264
232
305
275
282
231
347
277
381
286
342
335
218
321
329
297
292
254
336
321
370
244
309
302
251
334
254
270
367
214
388
447
351
285
184
343
428
281
354
297
429
305
302
276
315
244
316
260
253
329
229
234
335
400
238
243
278
417
318
224
0
261
310
303
239
409
264
306
242
274
218
282
262
255
530
256
312
262
425
279
358
236
367
300
0
434
260
553
237
246
239
265
386
283
257
368
250
320
386
259
344
281
482
388
231
263
348
264
376
317
331
474
346
198
280
301
345
269
263
355
354
272
358
248
231
434
297
242
307
349
272
363
282
234
279
395
298
216
311
318
242
317
420
300
361
368
378
271
376
362
304
641
228
319
0
269
448
337
260
293
285
262
236
293
301
283
465
275
280
254
327
327
350
270
332
287
300
443
212
310
299
226
212
271
234
408
458
333
348
209
277
209
463
403
448
328
428
274
232
282
308
443
341
376
363
284
297
224
273
506
218
263
340
219
306
251
272
463
279
340
265
224
269
243
535
219
0
215
230
231
322
463
295
278
328
288
242
233
353
270
331
300
288
237
303
294
509
470
253
273
337
405
368
361
256
400
261
484
324
251
242
343
219
244
363
346
230
273
296
299
237
346
262
238
411
444
267
282
283
349
549
384
365
416
329
263
222
375
238
366
323
343
359
296
332
399
299
358
238
250
576
291
237
261
537
296
287
254
256
293
332
387
261
337
306
265
250
328
309
263
306
274
310
263
277
286
299
406
281
264
338
387
262
263
404
289
244
284
274
322
308
258
279
304
258
271
313
306
305
295
283
401
520
257
294
270
290
281
325
355
257
332
237
295
342
275
315
300
292
260
345
247
435
277
345
251
272
327
287
334
390
298
278
450
331
266
216
233
257
399
221
254
231
318
261
347
347
327
344
307
300
309
423
447
359
289
517
277
265
263
260
265
241
301
307
462
311
341
241
341
263
339
254
269
292
0
289
263
281
222
232
412
297
264
380
435
303
270
205
296
281
230
348
365
286
245
376
315
377
278
292
283
302
411
420
274
468
297
277
389
295
258
256
222
270
284
240
316
241
348
238
235
272
264
341
249
266
270
223
290
298
387
400
258
427
234
402
581
283
308
321
216
303
253
313
301
250
323
236
245
548
368
233
362
441
477
239
385
277
306
285
303
342
344
352
449
247
265
276
314
419
255
318
262
379
253
255
255
399
280
301
462
268
261
298
247
299
336
355
345
252
314
296
317
336
254
197
290
554
356
448
315
528
279
248
446
351
266
249
272
244
292
312
285
347
291
262
305
282
282
258
348
515
268
0
277
484
277
277
397
529
387
255
255
342
232
300
273
302
239
410
369
323
238
293
305
0
339
331
292
401
293
300
304
448
339
241
237
330
268
308
236
353
305
309
297
227
380
350
285
247
370
366
319
281
350
207
347
267
285
238
209
377
313
419
206
411
389
285
255
272
269
290
324
281
404
302
281
253
250
317
279
253
380
299
278
286
400
255
283
290
254
252
390
320
316
501
234
437
359
288
271
220
353
322
280
419
324
399
640
370
301
260
275
263
350
249
323
408
328
280
325
0
251
217
250
272
222
264
338
283
298
267
331
363
321
311
237
366
252
287
250
248
397
252
359
268
308
376
231
318
335
220
303
312
336
228
315
354
287
252
236
264
337
301
290
323
315
340
382
341
582
568
248
253
269
386
300
338
353
330
429
252
291
434
337
255
360
317
236
351
279
371
337
263
243
294
225
264
374
517
303
311
298
227
265
339
227
236
308
416
344
442
378
233
319
452
254
301
266
299
290
276
269
329
276
281
414
319
248
519
275
301
340
326
295
289
286
246
256
271
279
278
272
244
260
295
508
337
245
302
238
335
265
348
278
278
466
349
521
270
224
294
222
407
242
281
260
233
285
428
496
344
398
309
304
227
341
304
293
292
339
459
438
365
356
291
286
397
289
320
305
340
270
254
283
330
349
253
317
194
394
330
236
272
312
389
296
264
318
256
272
372
244
260
321
302
273
261
342
498
437
249
627
290
306
0
371
487
355
298
284
304
252
210
287
0
242
297
326
242
375
465
306
278
234
257
230
559
452
436
243
256
404
287
275
389
308
261
426
192
305
281
293
217
284
249
318
221
287
283
329
418
546
261
301
284
264
309
296
336
226
289
354
393
334
252
296
282
301
476
304
283
422
381
526
244
328
271
431
269
329
272
535
287
241
246
394
412
262
360
423
318
344
212
273
236
315
199
261
268
363
364
306
225
243
293
322
449
354
357
335
438
416
324
331
309
357
296
305
231
202
286
322
366
332
346
302
467
285
338
316
348
304
331
316
236
298
346
267
382
440
374
228
282
228
251
423
294
278
203
417
244
323
260
306
399
325
373
297
245
285
287
428
345
377
390
230
265
314
223
301
259
294
284
304
316
233
376
233
339
340
319
385
266
260
372
277
257
259
231
362
238
337
389
311
281
425
283
300
220
284
271
244
263
309
321
292
285
248
374
255
376
334
370
273
319
377
234
244
269
429
260
355
303
395
255
261
292
251
291
448
272
340
278
326
362
264
275
301
292
343
320
265
283
285
359
382
312
247
220
330
287
234
254
301
297
261
283
220
343
251
244
298
311
223
234
267
308
239
281
260
309
321
243
270
297
295
293
368
0
269
333
245
336
385
206
263
371
329
274
274
266
352
350
266
313
279
222
266
247
348
244
299
288
215
223
296
353
308
282
422
402
244
302
458
280
321
394
542
389
333
378
414
316
312
279
260
238
232
365
289
349
344
274
294
358
326
268
310
260
346
306
303
326
347
260
268
208
200
279
303
242
426
319
366
253
266
363
285
309
244
294
274
275
300
262
347
224
275
245
298
239
245
287
299
318
288
255
560
257
356
308
373
269
241
289
341
368
283
343
236
304
334
259
572
268
352
277
248
293
401
293
206
335
251
340
297
285
260
196
321
0
374
283
347
325
348
306
342
291
269
234
305
226
267
329
332
276
255
343
245
230
298
330
402
240
209
228
309
320
274
314
271
312
360
285
312
353
242
274
384
214
273
447
304
239
390
289
408
432
270
507
305
326
307
385
334
331
256
282
436
351
353
273
174
280
248
383
320
297
365
405
369
284
467
412
241
311
364
324
273
327
238
296
258
394
316
342
261
274
289
326
230
348
312
281
273
232
288
267
336
205
398
388
347
249
317
356
236
224
237
244
448
362
517
287
250
341
266
347
304
284
230
345
300
230
268
290
284
269
506
339
231
312
360
344
281
266
326
267
376
216
332
290
262
293
398
302
271
340
262
445
254
314
252
303
328
215
274
278
387
479
268
350
327
295
290
242
348
284
389
262
399
356
211
282
332
230
332
327
366
270
225
396
555
263
274
309
268
309
384
254
317
422
404
276
262
372
382
288
289
404
303
398
207
271
390
298
317
307
279
307
323
257
220
510
310
273
305
0
271
241
309
220
278
360
284
400
253
228
316
297
265
477
268
421
350
273
253
451
318
259
337
468
0
369
298
254
325
599
309
259
307
369
249
293
262
309
286
253
376
280
362
217
250
352
304
234
326
331
363
266
349
269
485
253
218
243
346
401
362
343
356
255
253
297
284
289
370
263
282
298
295
296
217
277
328
358
274
388
313
264
307
309
252
369
331
338
287
252
322
293
230
291
216
259
328
261
236
265
282
578
514
288
233
245
336
261
295
375
439
342
272
272
301
277
232
428
295
339
315
282
452
245
297
312
283
339
310
261
339
335
348
344
364
382
280
302
325
310
324
448
309
232
287
302
262
300
237
340
442
336
343
265
420
248
261
0
250
209
432
314
296
523
257
333
311
255
280
527
343
286
398
372
447
268
308
324
272
264
306
242
260
330
301
372
249
333
275
462
360
332
479
246
220
295
396
448
291
312
306
229
285
450
308
283
391
260
270
328
278
323
317
362
390
393
298
202
327
378
366
365
476
378
268
305
316
278
261
325
257
431
380
285
275
351
271
400
300
427
328
322
396
259
246
303
256
244
374
272
288
290
391
336
308
240
314
403
410
289
349
391
268
256
289
226
277
278
324
376
319
245
320
502
245
469
314
344
377
458
336
260
334
298
293
206
237
249
426
252
271
348
318
316
241
457
210
288
336
305
305
352
347
249
303
254
317
312
312
251
306
284
344
239
281
273
215
399
410
287
308
530
374
423
233
440
509
311
308
294
337
365
379
486
376
246
335
279
537
294
270
0
390
249
342
224
392
256
515
438
207
265
359
324
490
218
344
405
270
283
282
294
658
314
336
251
272
358
259
257
282
250
270
432
315
294
306
214
404
307
248
300
310
381
203
251
447
308
351
388
294
290
365
303
347
284
290
254
228
386
291
360
312
300
295
353
255
302
261
257
254
375
275
251
543
237
423
249
323
276
316
350
273
308
237
291
346
346
250
272
299
285
396
243
305
254
321
455
291
446
345
321
290
321
203
238
297
443
318
447
314
0
393
283
285
239
322
314
0
305
305
475
342
274
265
279
368
268
308
370
307
290
254
381
94
372
365
440
261
425
306
393
336
215
260
402
566
370
288
302
280
245
250
277
225
335
309
276
325
499
276
275
311
396
322
211
250
383
304
208
269
341
328
302
278
320
281
221
311
301
309
247
342
327
350
272
330
275
267
285
261
354
297
266
277
297
420
249
224
291
305
416
308
274
341
341
460
282
256
255
305
205
248
509
520
380
190
323
294
225
333
306
262
281
280
328
345
307
213
378
235
364
266
286
257
371
321
296
249
551
277
248
270
291
252
328
312
402
281
276
287
292
288
257
248
346
294
209
388
250
323
320
301
363
290
222
259
366
337
272
287
291
335
213
307
263
329
248
325
284
356
308
502
365
354
261
318
282
283
265
224
367
276
369
438
281
328
432
454
298
310
277
253
317
305
325
276
233
463
301
305
318
406
229
235
296
313
296
384
291
313
387
275
302
277
289
311
516
281
304
239
314
310
239
287
445
328
312
226
373
355
198
265
340
274
385
260
268
261
305
263
425
300
413
285
326
258
263
234
451
386
301
218
282
322
391
366
244
311
490
288
239
283
263
267
244
279
297
241
321
311
287
302
225
302
428
322
260
251
343
431
277
265
305
288
225
273
277
525
431
332
251
331
262
325
373
462
267
355
292
493
373
308
270
338
324
301
312
339
224
270
253
273
279
310
360
233
291
296
249
292
313
264
300
337
278
284
330
278
291
558
287
485
367
295
252
340
270
302
314
309
279
323
252
273
282
238
292
252
402
285
328
229
242
423
410
341
246
240
459
306
329
304
289
281
285
415
229
247
259
249
258
286
318
273
315
377
323
320
279
339
235
0
256
277
409
319
282
375
262
239
321
390
277
276
311
259
370
329
321
510
495
337
707
243
309
354
244
283
390
237
279
285
258
266
274
297
365
382
271
356
469
204
358
253
259
265
249
317
267
332
332
203
466
232
296
283
280
292
199
229
260
441
244
250
479
237
313
231
275
367
252
203
303
277
231
276
279
263
275
232
226
263
279
245
309
247
