0.06632405028126953
0.0
0.0019445794846864365
0.010278491561914021
0.020765330925758732
0.030210431279949997
0.03930828529759011
0.04319744426696298
0.043336342801583445
0.042641850128481144
0.04465587888047781
0.0448642266824085
0.041113966247656085
0.03972498090145149
0.03694701020904229
0.03409959024932287
0.02972428640877839
0.02819640252795333
0.026043475241336204
0.02215431627196333
0.018820751441072297
0.019445794846864366
0.01715396902562678
0.013889853462045975
0.014375998333217585
0.01187582471004931
0.010417390096534482
0.009167303284950344
0.008820056948399194
0.007778317938745746
0.006875477463712758
0.00548649211750816
0.0060420862559899995
0.00583373845405931
0.003958608236683103
0.004930897979026321
0.1827210222932148
0.006389332592541148
