0.08565158915551781
0.0
0.0015573016210094145
0.012246053656119487
0.0196078431372549
0.02597862249592978
0.034119062787569904
0.03850782190132371
0.041693211580661145
0.038932540525235364
0.043675231825582216
0.041197706519430874
0.03779995752813761
0.03850782190132371
0.03404827635025129
0.02902243930063
0.029801090111134708
0.02307637856586678
0.02357188362709705
0.02045728038507822
0.016422453457917464
0.015926948396687193
0.016776385644510512
0.013732568839810293
0.012104480781482269
0.01146740284561478
0.009980887661923975
0.011184257096340341
0.007857294542365683
0.007998867417002902
0.0058752742974446095
0.006512352233312097
0.005167409924258512
0.00573370142280739
0.005662914985488781
0.003964040489842146
0.21837615912791108
0.005662914985488781
