0.12966400594022648
0.0
0.0022275849266753297
0.008074995359198069
0.015036198255058475
0.0189344718767403
0.026266938927046592
0.03285687766846111
0.028587339892333394
0.030536476703174307
0.031000556896231667
0.031835901243734914
0.033135325784295525
0.029515500278448115
0.028216075737887508
0.022739929459810654
0.022647113421199183
0.023018377575645073
0.021533320957861517
0.016335622795619082
0.01485056617783553
0.014479302023389642
0.011787636903656952
0.012344533135325785
0.00993131613142751
0.00946723593837015
0.00946723593837015
0.006497122702803044
0.0075180991275292375
0.006682754780025988
0.005197698162242435
0.005290514200853908
0.004455169853350659
0.0038054575830703545
0.0038982736216818265
0.004362353814739187
0.28383144607388155
0.023692222015964356
